1.666667e-01 2.500000e-01 1 
1.666667e-01 2.083333e-01 2 
1.388889e-01 2.500000e-01 3 
1.041667e-01 2.083333e-01 4 
1.166667e-01 2.500000e-01 5 
1.111111e-01 2.083333e-01 6 
1.071429e-01 2.380952e-01 7 
1.770833e-01 2.083333e-01 8 
1.574074e-01 2.037037e-01 9 
1.416667e-01 2.250000e-01 10 
1.287879e-01 2.045455e-01 11 
1.180556e-01 2.291667e-01 12 
1.089744e-01 2.115385e-01 13 
1.011905e-01 2.678571e-01 14 
1.055556e-01 2.500000e-01 15 
1.041667e-01 2.343750e-01 16 
1.470588e-01 2.205882e-01 17 
1.435185e-01 2.083333e-01 18 
1.315789e-01 2.500000e-01 19 
1.208333e-01 2.375000e-01 20 
1.190476e-01 2.261905e-01 21 
1.174242e-01 2.613636e-01 22 
1.014493e-01 2.500000e-01 23 
1.388889e-01 2.395833e-01 24 
1.333333e-01 2.300000e-01 25 
1.666667e-01 2.211538e-01 26 
1.604938e-01 2.500000e-01 27 
1.547619e-01 2.410714e-01 28 
1.494253e-01 2.327586e-01 29 
1.777778e-01 2.250000e-01 30 
1.720430e-01 2.177419e-01 31 
1.666667e-01 2.421875e-01 32 
1.616162e-01 2.348485e-01 33 
1.568627e-01 2.279412e-01 34 
1.523810e-01 2.214286e-01 35 
1.759259e-01 2.152778e-01 36 
1.711712e-01 2.364865e-01 37 
1.666667e-01 2.302632e-01 38 
1.623932e-01 2.243590e-01 39 
1.583333e-01 2.187500e-01 40 
1.544715e-01 2.378049e-01 41 
1.746032e-01 2.321429e-01 42 
1.705426e-01 2.267442e-01 43 
1.666667e-01 2.215909e-01 44 
1.629630e-01 2.166667e-01 45 
1.594203e-01 2.336957e-01 46 
1.560284e-01 2.287234e-01 47 
1.736111e-01 2.239583e-01 48 
1.700680e-01 2.193878e-01 49 
1.666667e-01 2.150000e-01 50 
1.633987e-01 2.303922e-01 51 
1.602564e-01 2.259615e-01 52 
1.572327e-01 2.216981e-01 53 
1.728395e-01 2.175926e-01 54 
1.696970e-01 2.318182e-01 55 
1.666667e-01 2.276786e-01 56 
1.637427e-01 2.236842e-01 57 
1.609195e-01 2.198276e-01 58 
1.581921e-01 2.161017e-01 59 
1.555556e-01 2.291667e-01 60 
1.693989e-01 2.254098e-01 61 
1.666667e-01 2.217742e-01 62 
1.640212e-01 2.182540e-01 63 
1.614583e-01 2.304687e-01 64 
1.589744e-01 2.269231e-01 65 
1.565657e-01 2.234848e-01 66 
1.691542e-01 2.201493e-01 67 
1.666667e-01 2.169118e-01 68 
1.642512e-01 2.282609e-01 69 
1.619048e-01 2.250000e-01 70 
1.596244e-01 2.218310e-01 71 
1.574074e-01 2.187500e-01 72 
1.689498e-01 2.294521e-01 73 
1.666667e-01 2.263514e-01 74 
1.644444e-01 2.233333e-01 75 
1.622807e-01 2.203947e-01 76 
1.601732e-01 2.175325e-01 77 
1.581197e-01 2.275641e-01 78 
1.687764e-01 2.246835e-01 79 
1.666667e-01 2.218750e-01 80 
1.646091e-01 2.191358e-01 81 
1.626016e-01 2.286585e-01 82 
1.606426e-01 2.259036e-01 83 
1.587302e-01 2.232143e-01 84 
1.686275e-01 2.205882e-01 85 
1.666667e-01 2.180233e-01 86 
1.647510e-01 2.270115e-01 87 
1.628788e-01 2.244318e-01 88 
1.610487e-01 2.219101e-01 89 
1.592593e-01 2.194444e-01 90 
1.684982e-01 2.280220e-01 91 
1.666667e-01 2.255435e-01 92 
1.648746e-01 2.231183e-01 93 
1.631206e-01 2.207447e-01 94 
1.614035e-01 2.184211e-01 95 
1.597222e-01 2.265625e-01 96 
1.683849e-01 2.242268e-01 97 
1.666667e-01 2.219388e-01 98 
1.649832e-01 2.196970e-01 99 
1.633333e-01 2.275000e-01 100 
