NaN NaN 1 
NaN NaN 2 
NaN NaN 3 
NaN 2.500000e-01 4 
NaN NaN 5 
1.666667e-01 NaN 6 
1.428571e-01 2.857143e-01 7 
1.250000e-01 2.500000e-01 8 
1.111111e-01 2.222222e-01 9 
NaN NaN 10 
1.818182e-01 2.727273e-01 11 
1.666667e-01 2.500000e-01 12 
1.538462e-01 2.307692e-01 13 
1.428571e-01 2.142857e-01 14 
1.333333e-01 2.000000e-01 15 
1.250000e-01 2.500000e-01 16 
1.176471e-01 2.352941e-01 17 
1.111111e-01 2.222222e-01 18 
1.578947e-01 2.105263e-01 19 
1.500000e-01 2.500000e-01 20 
1.904762e-01 2.380952e-01 21 
1.818182e-01 2.272727e-01 22 
1.739130e-01 2.173913e-01 23 
1.250000e-01 2.500000e-01 24 
1.200000e-01 2.400000e-01 25 
1.153846e-01 2.307692e-01 26 
1.111111e-01 2.222222e-01 27 
1.071429e-01 2.500000e-01 28 
1.034483e-01 2.413793e-01 29 
1.000000e-01 2.333333e-01 30 
1.290323e-01 2.258065e-01 31 
1.250000e-01 2.187500e-01 32 
1.212121e-01 2.424242e-01 33 
1.470588e-01 2.352941e-01 34 
1.428571e-01 2.285714e-01 35 
1.388889e-01 2.222222e-01 36 
1.351351e-01 2.162162e-01 37 
1.578947e-01 2.368421e-01 38 
1.538462e-01 2.307692e-01 39 
1.500000e-01 2.250000e-01 40 
1.463415e-01 2.195122e-01 41 
1.666667e-01 2.142857e-01 42 
1.627907e-01 2.325581e-01 43 
1.590909e-01 2.272727e-01 44 
1.555556e-01 2.222222e-01 45 
1.521739e-01 2.173913e-01 46 
1.702128e-01 2.340426e-01 47 
1.666667e-01 2.291667e-01 48 
1.632653e-01 2.244898e-01 49 
1.600000e-01 2.200000e-01 50 
1.568627e-01 2.156863e-01 51 
1.538462e-01 2.307692e-01 52 
1.698113e-01 2.264151e-01 53 
1.666667e-01 2.222222e-01 54 
1.636364e-01 2.181818e-01 55 
1.607143e-01 2.321429e-01 56 
1.578947e-01 2.280702e-01 57 
1.551724e-01 2.241379e-01 58 
1.694915e-01 2.203390e-01 59 
1.666667e-01 2.166667e-01 60 
1.639344e-01 2.295082e-01 61 
1.612903e-01 2.258065e-01 62 
1.587302e-01 2.222222e-01 63 
1.562500e-01 2.187500e-01 64 
1.692308e-01 2.153846e-01 65 
1.666667e-01 2.272727e-01 66 
1.641791e-01 2.238806e-01 67 
1.617647e-01 2.205882e-01 68 
1.594203e-01 2.173913e-01 69 
1.571429e-01 2.285714e-01 70 
1.690141e-01 2.253521e-01 71 
1.666667e-01 2.222222e-01 72 
1.643836e-01 2.191781e-01 73 
1.621622e-01 2.162162e-01 74 
1.600000e-01 2.266667e-01 75 
1.578947e-01 2.236842e-01 76 
1.688312e-01 2.207792e-01 77 
1.666667e-01 2.179487e-01 78 
1.645570e-01 2.278481e-01 79 
1.625000e-01 2.250000e-01 80 
1.604938e-01 2.222222e-01 81 
1.585366e-01 2.195122e-01 82 
1.686747e-01 2.168675e-01 83 
1.666667e-01 2.261905e-01 84 
1.647059e-01 2.235294e-01 85 
1.627907e-01 2.209302e-01 86 
1.609195e-01 2.183908e-01 87 
1.590909e-01 2.272727e-01 88 
1.685393e-01 2.247191e-01 89 
1.666667e-01 2.222222e-01 90 
1.648352e-01 2.197802e-01 91 
1.630435e-01 2.173913e-01 92 
1.612903e-01 2.258065e-01 93 
1.595745e-01 2.234043e-01 94 
1.684211e-01 2.210526e-01 95 
1.666667e-01 2.187500e-01 96 
1.649485e-01 2.268041e-01 97 
1.632653e-01 2.244898e-01 98 
1.616162e-01 2.222222e-01 99 
1.600000e-01 2.200000e-01 100 
