3.487103e-01 2.787698e-01 1 
5.357827e-02 4.057599e-01 2 
8.156012e-03 8.507376e-03 3 
7.534298e-02 1.678435e-01 4 
1.728189e-01 1.727736e-01 5 
1.602805e-01 2.064944e-01 6 
1.556758e-01 2.211798e-01 7 
1.564017e-01 2.240979e-01 8 
1.584960e-01 2.222418e-01 9 
1.610219e-01 2.213123e-01 10 
1.636545e-01 2.215277e-01 11 
1.647073e-01 2.221168e-01 12 
1.645325e-01 2.224024e-01 13 
1.640855e-01 2.220233e-01 14 
1.637130e-01 2.213972e-01 15 
1.635832e-01 2.209890e-01 16 
1.636813e-01 2.207863e-01 17 
1.637985e-01 2.206088e-01 18 
1.637906e-01 2.204005e-01 19 
1.637156e-01 2.204015e-01 20 
1.636369e-01 2.205731e-01 21 
1.636031e-01 2.208565e-01 22 
1.636349e-01 2.210359e-01 23 
1.636885e-01 2.212053e-01 24 
1.637128e-01 2.214138e-01 25 
1.637084e-01 2.215693e-01 26 
1.636925e-01 2.216852e-01 27 
1.636838e-01 2.217485e-01 28 
1.636976e-01 2.218076e-01 29 
1.637212e-01 2.218657e-01 30 
1.637366e-01 2.219185e-01 31 
1.637397e-01 2.219410e-01 32 
1.637354e-01 2.219454e-01 33 
1.637322e-01 2.219413e-01 34 
1.637380e-01 2.219340e-01 35 
1.637482e-01 2.219046e-01 36 
1.637550e-01 2.218698e-01 37 
1.637559e-01 2.218422e-01 38 
1.637537e-01 2.218275e-01 39 
1.637522e-01 2.218210e-01 40 
1.637559e-01 2.218188e-01 41 
1.637631e-01 2.218252e-01 42 
1.637699e-01 2.218433e-01 43 
1.637735e-01 2.218654e-01 44 
1.637757e-01 2.218885e-01 45 
1.637778e-01 2.219113e-01 46 
1.637824e-01 2.219363e-01 47 
1.637892e-01 2.219651e-01 48 
1.637962e-01 2.219981e-01 49 
1.638009e-01 2.220251e-01 50 
1.638047e-01 2.220501e-01 51 
1.638083e-01 2.220746e-01 52 
1.638132e-01 2.220989e-01 53 
1.638194e-01 2.221190e-01 54 
1.638263e-01 2.221391e-01 55 
1.638313e-01 2.221560e-01 56 
1.638359e-01 2.221737e-01 57 
1.638404e-01 2.221916e-01 58 
1.638457e-01 2.222087e-01 59 
1.638521e-01 2.222266e-01 60 
1.638595e-01 2.222489e-01 61 
1.638655e-01 2.222690e-01 62 
1.638712e-01 2.222886e-01 63 
1.638768e-01 2.223071e-01 64 
1.638830e-01 2.223252e-01 65 
1.638898e-01 2.223437e-01 66 
1.638977e-01 2.223641e-01 67 
1.639044e-01 2.223811e-01 68 
1.639107e-01 2.223975e-01 69 
1.639169e-01 2.224143e-01 70 
1.639235e-01 2.224316e-01 71 
1.639306e-01 2.224482e-01 72 
1.639387e-01 2.224666e-01 73 
1.639457e-01 2.224831e-01 74 
1.639524e-01 2.225001e-01 75 
1.639591e-01 2.225173e-01 76 
1.639660e-01 2.225340e-01 77 
1.639731e-01 2.225509e-01 78 
1.639815e-01 2.225709e-01 79 
1.639888e-01 2.225883e-01 80 
1.639958e-01 2.226052e-01 81 
1.640028e-01 2.226212e-01 82 
1.640100e-01 2.226368e-01 83 
1.640173e-01 2.226520e-01 84 
1.640259e-01 2.226683e-01 85 
1.640334e-01 2.226814e-01 86 
1.640407e-01 2.226939e-01 87 
1.640479e-01 2.227063e-01 88 
1.640553e-01 2.227188e-01 89 
1.640627e-01 2.227307e-01 90 
1.640714e-01 2.227440e-01 91 
1.640790e-01 2.227559e-01 92 
1.640865e-01 2.227681e-01 93 
1.640940e-01 2.227804e-01 94 
1.641014e-01 2.227924e-01 95 
1.641090e-01 1.350069e-05 96 
1.641179e-01 1.264949e-05 97 
1.641256e-01 1.187276e-05 98 
1.641332e-01 1.118543e-05 99 
1.641408e-01 1.041798e-05 100 
