1.527778e-01 2.500000e-01 6 
1.875000e-01 1.250000e-01 7 
2.060185e-01 2.500000e-01 8 
1.388889e-02 1.388889e-02 9 
1.388889e-01 2.152778e-01 10 
NaN NaN 11 
NaN NaN 12 
NaN NaN 13 
NaN NaN 14 
1.562500e-01 1.562500e-01 15 
NaN 1.795635e-01 16 
NaN NaN 17 
6.944444e-03 NaN 18 
NaN NaN 19 
1.624228e-01 1.875000e-01 20 
NaN NaN 21 
NaN NaN 22 
1.457840e-01 2.165259e-01 23 
1.790985e-01 2.079315e-01 24 
1.714023e-01 2.407302e-01 25 
1.659263e-01 2.311220e-01 26 
1.602357e-01 2.213013e-01 27 
1.556599e-01 2.133343e-01 28 
1.496867e-01 2.045730e-01 29 
1.764470e-01 2.336973e-01 30 
1.704767e-01 2.251009e-01 31 
1.658150e-01 2.179109e-01 32 
1.612227e-01 2.100911e-01 33 
1.572534e-01 2.031020e-01 34 
1.523827e-01 2.282833e-01 35 
1.495708e-01 2.216475e-01 36 
1.698654e-01 2.147918e-01 37 
1.658293e-01 2.086677e-01 38 
1.619534e-01 2.306306e-01 39 
1.584334e-01 2.246805e-01 40 
1.543244e-01 2.185222e-01 41 
1.516600e-01 2.129800e-01 42 
1.694119e-01 2.069312e-01 43 
1.658567e-01 2.269824e-01 44 
1.624999e-01 2.213396e-01 45 
1.593615e-01 2.162249e-01 46 
1.558177e-01 2.108833e-01 47 
1.726007e-01 2.290106e-01 48 
1.690604e-01 2.237828e-01 49 
1.658990e-01 2.190582e-01 50 
1.629402e-01 2.141079e-01 51 
1.601061e-01 2.308566e-01 52 
1.569839e-01 2.259299e-01 53 
1.718853e-01 2.214764e-01 54 
1.687856e-01 2.169300e-01 55 
1.659415e-01 2.126176e-01 56 
1.632892e-01 2.276425e-01 57 
1.607025e-01 2.235515e-01 58 
1.579164e-01 2.193448e-01 59 
1.557594e-01 2.153466e-01 60 
1.685578e-01 2.291538e-01 61 
1.659759e-01 2.252757e-01 62 
1.635736e-01 2.213210e-01 63 
1.611991e-01 2.175858e-01 64 
1.586845e-01 2.137821e-01 65 
1.566707e-01 2.268347e-01 66 
1.683647e-01 2.231071e-01 67 
1.660066e-01 2.196012e-01 68 
1.638109e-01 2.160117e-01 69 
1.616166e-01 2.282451e-01 70 
1.593242e-01 2.247083e-01 71 
1.574365e-01 2.213723e-01 72 
1.681998e-01 2.180038e-01 73 
1.660328e-01 2.147639e-01 74 
1.640099e-01 2.260298e-01 75 
1.619704e-01 2.229299e-01 76 
1.598645e-01 2.197695e-01 77 
1.580894e-01 2.167169e-01 78 
1.680547e-01 2.272505e-01 79 
1.660548e-01 2.242931e-01 80 
1.641786e-01 2.212824e-01 81 
1.622757e-01 2.184005e-01 82 
1.603277e-01 2.155223e-01 83 
1.586531e-01 2.255392e-01 84 
1.679263e-01 2.226827e-01 85 
1.660724e-01 2.199458e-01 86 
1.643228e-01 2.171870e-01 87 
1.625397e-01 2.266684e-01 88 
1.607272e-01 2.239517e-01 89 
1.591430e-01 2.213286e-01 90 
1.678105e-01 2.187051e-01 91 
1.660855e-01 2.276180e-01 92 
1.644465e-01 2.250307e-01 93 
1.627708e-01 2.225675e-01 94 
1.610766e-01 2.200798e-01 95 
1.595734e-01 2.176594e-01 96 
1.677055e-01 2.260569e-01 97 
1.660955e-01 2.236901e-01 98 
1.645540e-01 2.212913e-01 99 
1.629742e-01 2.189842e-01 100 
1.613837e-01 2.269987e-01 101 
1.599538e-01 2.247202e-01 102 
1.676103e-01 2.224325e-01 103 
1.661033e-01 2.202206e-01 104 
1.646485e-01 2.179967e-01 105 
1.631550e-01 2.256712e-01 106 
1.616560e-01 2.234823e-01 107 
1.602924e-01 2.213424e-01 108 
1.675229e-01 2.192073e-01 109 
1.661084e-01 2.265181e-01 110 
1.647312e-01 2.244028e-01 111 
1.633164e-01 2.223694e-01 112 
1.618988e-01 2.203251e-01 113 
1.605956e-01 2.183252e-01 114 
1.674435e-01 2.252897e-01 115 
1.661126e-01 2.233212e-01 116 
1.648051e-01 2.213309e-01 117 
1.634612e-01 2.194112e-01 118 
1.621166e-01 2.261101e-01 119 
1.608686e-01 2.241986e-01 120 
1.673707e-01 2.222898e-01 121 
1.661149e-01 2.204387e-01 122 
1.648702e-01 2.185761e-01 123 
1.635916e-01 2.250225e-01 124 
1.623127e-01 2.231835e-01 125 
1.611157e-01 2.213787e-01 126 
1.673055e-01 2.195820e-01 127 
1.661167e-01 2.178320e-01 128 
1.649285e-01 2.239848e-01 129 
1.637093e-01 2.222562e-01 130 
1.624898e-01 2.205241e-01 131 
1.613400e-01 2.188185e-01 132 
1.672475e-01 2.247648e-01 133 
1.661182e-01 2.230842e-01 134 
1.649813e-01 2.213859e-01 135 
1.638161e-01 2.197377e-01 136 
1.626505e-01 2.181003e-01 137 
1.615443e-01 2.238484e-01 138 
1.671957e-01 2.222129e-01 139 
1.661195e-01 2.206178e-01 140 
1.650298e-01 2.261419e-01 141 
1.639140e-01 2.174292e-01 142 
1.627977e-01 2.229925e-01 143 
1.617316e-01 2.214303e-01 144 
1.671501e-01 2.198703e-01 145 
1.661214e-01 2.183442e-01 146 
1.650740e-01 2.237022e-01 147 
1.640036e-01 2.222008e-01 148 
1.629324e-01 2.206900e-01 149 
1.619043e-01 2.258824e-01 150 
