NaN NaN 6 
2.500000e-01 8.611111e-01 7 
2.500000e-01 7.500000e-01 8 
2.500000e-01 6.944444e-01 9 
5.092593e-02 7.870370e-01 10 
1.250000e-01 7.870370e-01 11 
8.796296e-02 7.500000e-01 12 
1.250000e-01 7.222222e-01 13 
1.527778e-01 7.500000e-01 14 
1.805556e-01 7.500000e-01 15 
NaN NaN 16 
NaN NaN 17 
1.250000e-01 NaN 18 
NaN NaN 19 
NaN NaN 20 
NaN NaN 21 
1.875000e-01 7.658730e-01 22 
2.033730e-01 7.500000e-01 23 
NaN 1.587302e-02 24 
NaN NaN 25 
NaN NaN 26 
NaN NaN 27 
NaN 8.125000e-01 28 
1.875000e-01 NaN 29 
NaN 8.125000e-01 30 
NaN NaN 31 
NaN NaN 32 
NaN NaN 33 
1.635953e-01 2.223302e-01 34 
1.635987e-01 2.223228e-01 35 
1.635978e-01 2.221963e-01 36 
1.635822e-01 2.225615e-01 37 
1.635780e-01 2.225018e-01 38 
1.635733e-01 2.224533e-01 39 
1.635918e-01 2.220667e-01 40 
1.635947e-01 2.220678e-01 41 
1.635941e-01 2.221487e-01 42 
1.636142e-01 2.218327e-01 43 
1.636118e-01 2.219061e-01 44 
1.636074e-01 2.218774e-01 45 
1.636320e-01 2.220140e-01 46 
1.636345e-01 2.218943e-01 47 
1.636341e-01 2.218030e-01 48 
1.636619e-01 2.218863e-01 49 
1.636601e-01 2.219521e-01 50 
1.636563e-01 2.220911e-01 51 
1.636762e-01 2.221803e-01 52 
1.636783e-01 2.221498e-01 53 
1.636780e-01 2.221347e-01 54 
1.637056e-01 2.224099e-01 55 
1.637045e-01 2.223692e-01 56 
1.637015e-01 2.223387e-01 57 
1.637224e-01 2.223680e-01 58 
1.637241e-01 2.224147e-01 59 
1.637239e-01 2.224295e-01 60 
1.637550e-01 2.223697e-01 61 
1.637544e-01 2.223652e-01 62 
1.637521e-01 2.223889e-01 63 
1.637763e-01 2.225190e-01 64 
1.637775e-01 2.224561e-01 65 
1.637775e-01 2.224075e-01 66 
1.638097e-01 2.224432e-01 67 
1.638092e-01 2.224767e-01 68 
1.638074e-01 2.225117e-01 69 
1.638325e-01 2.226074e-01 70 
1.638334e-01 2.225962e-01 71 
1.638334e-01 2.226074e-01 72 
1.638655e-01 2.227278e-01 73 
1.638652e-01 2.227117e-01 74 
1.638639e-01 2.227019e-01 75 
1.638900e-01 2.227745e-01 76 
1.638907e-01 2.228061e-01 77 
1.638907e-01 2.227954e-01 78 
1.639229e-01 2.228123e-01 79 
1.639226e-01 2.227929e-01 80 
1.639217e-01 2.228081e-01 81 
1.639486e-01 2.229003e-01 82 
1.639490e-01 2.228934e-01 83 
1.639490e-01 2.228700e-01 84 
1.639809e-01 7.772284e-01 85 
1.639807e-01 7.772284e-01 86 
1.639800e-01 7.772284e-01 87 
1.640073e-01 7.771831e-01 88 
1.640075e-01 7.771831e-01 89 
1.640075e-01 7.771831e-01 90 
1.640390e-01 7.771410e-01 91 
1.640388e-01 7.771410e-01 92 
1.640384e-01 7.771410e-01 93 
1.640660e-01 7.771050e-01 94 
1.640661e-01 7.771050e-01 95 
1.640661e-01 7.771050e-01 96 
1.640973e-01 7.770728e-01 97 
1.640971e-01 7.770728e-01 98 
1.640968e-01 7.770728e-01 99 
1.641248e-01 7.770381e-01 100 
1.641248e-01 7.770381e-01 101 
1.641248e-01 7.770381e-01 102 
1.641555e-01 7.770037e-01 103 
1.641555e-01 7.770037e-01 104 
1.641553e-01 7.770037e-01 105 
1.641833e-01 7.769746e-01 106 
1.641833e-01 7.769746e-01 107 
1.641832e-01 7.769746e-01 108 
1.642135e-01 2.237343e-01 109 
1.642134e-01 2.237315e-01 110 
1.642134e-01 2.237367e-01 111 
1.642411e-01 2.239317e-01 112 
1.642411e-01 2.239342e-01 113 
1.642411e-01 2.239331e-01 114 
1.642708e-01 2.241295e-01 115 
1.642708e-01 2.241288e-01 116 
1.642708e-01 2.241294e-01 117 
1.642983e-01 2.243431e-01 118 
1.642983e-01 2.243538e-01 119 
1.642983e-01 2.243547e-01 120 
1.643273e-01 2.245647e-01 121 
1.643274e-01 2.245649e-01 122 
1.643274e-01 2.245694e-01 123 
1.643545e-01 2.247988e-01 124 
1.643546e-01 2.248059e-01 125 
1.643546e-01 2.248091e-01 126 
1.643829e-01 2.250124e-01 127 
1.643830e-01 2.250094e-01 128 
1.643831e-01 2.250119e-01 129 
1.644097e-01 7.768009e-01 130 
1.644098e-01 7.768009e-01 131 
1.644098e-01 7.768009e-01 132 
1.644375e-01 7.767870e-01 133 
1.644375e-01 7.767870e-01 134 
1.644377e-01 7.767870e-01 135 
1.644638e-01 1.733860e-04 136 
1.644639e-01 1.733950e-04 137 
1.644640e-01 1.733943e-04 138 
1.644911e-01 1.709354e-04 139 
1.644913e-01 1.709382e-04 140 
1.644914e-01 1.709475e-04 141 
1.645172e-01 1.681900e-04 142 
1.645173e-01 1.681916e-04 143 
1.645174e-01 1.681968e-04 144 
1.645442e-01 1.651730e-04 145 
1.645443e-01 1.651706e-04 146 
1.645444e-01 1.651719e-04 147 
1.645701e-01 1.619699e-04 148 
1.645702e-01 1.619780e-04 149 
1.645703e-01 1.619791e-04 150 
