NaN NaN 6 
6.944444e-02 2.430556e-01 7 
1.250000e-01 1.319444e-01 8 
NaN 1.875000e-01 9 
NaN 1.458333e-01 10 
NaN NaN 11 
NaN NaN 12 
NaN NaN 13 
NaN NaN 14 
2.380952e-02 NaN 15 
2.380952e-02 2.113095e-01 16 
1.250000e-01 1.875000e-01 17 
NaN 1.875000e-01 18 
6.944444e-02 NaN 19 
NaN NaN 20 
NaN NaN 21 
NaN NaN 22 
1.645506e-01 2.270504e-01 23 
1.645582e-01 2.269990e-01 24 
1.642077e-01 2.266100e-01 25 
1.642202e-01 2.266357e-01 26 
1.639782e-01 2.255575e-01 27 
1.639614e-01 2.254994e-01 28 
1.638101e-01 2.242460e-01 29 
1.638106e-01 2.242787e-01 30 
1.637193e-01 2.230282e-01 31 
1.637232e-01 2.230258e-01 32 
1.636806e-01 2.222058e-01 33 
1.636809e-01 2.222140e-01 34 
1.637051e-01 2.217276e-01 35 
1.637033e-01 2.217259e-01 36 
1.637427e-01 2.215530e-01 37 
1.637408e-01 2.215527e-01 38 
1.637579e-01 2.215369e-01 39 
1.637602e-01 2.215362e-01 40 
1.637847e-01 2.216296e-01 41 
1.637841e-01 2.216303e-01 42 
1.638016e-01 2.217677e-01 43 
1.638008e-01 2.217672e-01 44 
1.637973e-01 2.218938e-01 45 
1.637979e-01 2.218940e-01 46 
1.638269e-01 2.219970e-01 47 
1.638267e-01 2.219971e-01 48 
1.638179e-01 2.220446e-01 49 
1.638181e-01 2.220444e-01 50 
1.638066e-01 2.220702e-01 51 
1.638067e-01 2.220703e-01 52 
1.638296e-01 2.220795e-01 53 
1.638293e-01 2.220796e-01 54 
1.638292e-01 2.220970e-01 55 
1.638297e-01 2.220969e-01 56 
1.638279e-01 2.221180e-01 57 
1.638279e-01 2.221180e-01 58 
1.638427e-01 2.221494e-01 59 
1.638423e-01 2.221493e-01 60 
1.638409e-01 2.221925e-01 61 
1.638416e-01 2.221924e-01 62 
1.638406e-01 2.222412e-01 63 
1.638405e-01 2.222410e-01 64 
1.638492e-01 2.222942e-01 65 
1.638487e-01 2.222940e-01 66 
1.638485e-01 2.223388e-01 67 
1.638494e-01 2.223387e-01 68 
1.638517e-01 2.223801e-01 69 
1.638516e-01 2.223800e-01 70 
1.638601e-01 2.224144e-01 71 
1.638596e-01 2.224144e-01 72 
1.638628e-01 2.224489e-01 73 
1.638637e-01 2.224488e-01 74 
1.638688e-01 2.224798e-01 75 
1.638688e-01 2.224797e-01 76 
1.638770e-01 2.225103e-01 77 
1.638766e-01 2.225102e-01 78 
1.638812e-01 2.225425e-01 79 
1.638820e-01 2.225425e-01 80 
1.638884e-01 2.225761e-01 81 
1.638885e-01 2.225759e-01 82 
1.638969e-01 2.226117e-01 83 
1.638965e-01 2.226115e-01 84 
1.639029e-01 2.226435e-01 85 
1.639036e-01 2.226435e-01 86 
1.639116e-01 2.226738e-01 87 
1.639118e-01 2.226737e-01 88 
1.639210e-01 2.226997e-01 89 
1.639206e-01 2.226996e-01 90 
1.639285e-01 2.227251e-01 91 
1.639291e-01 2.227251e-01 92 
1.639380e-01 2.227478e-01 93 
1.639382e-01 2.227476e-01 94 
1.639478e-01 2.227694e-01 95 
1.639477e-01 2.227693e-01 96 
1.639562e-01 2.227910e-01 97 
1.639566e-01 2.227909e-01 98 
1.639658e-01 2.228124e-01 99 
1.639660e-01 2.228123e-01 100 
1.639758e-01 2.228343e-01 101 
1.639758e-01 2.228342e-01 102 
1.639847e-01 2.228531e-01 103 
1.639851e-01 2.228530e-01 104 
1.639945e-01 2.228707e-01 105 
1.639947e-01 2.228705e-01 106 
1.640047e-01 2.228847e-01 107 
1.640048e-01 2.228846e-01 108 
1.640142e-01 2.228986e-01 109 
1.640144e-01 2.228985e-01 110 
1.640241e-01 2.229107e-01 111 
1.640243e-01 2.229105e-01 112 
1.640346e-01 2.229231e-01 113 
1.640348e-01 2.229230e-01 114 
1.640445e-01 2.229362e-01 115 
1.640447e-01 2.229361e-01 116 
1.640546e-01 2.229503e-01 117 
1.640548e-01 2.229501e-01 118 
1.640654e-01 2.229655e-01 119 
1.640657e-01 2.229653e-01 120 
1.640758e-01 2.229796e-01 121 
1.640760e-01 2.229794e-01 122 
1.640861e-01 2.229940e-01 123 
1.640864e-01 2.229938e-01 124 
1.640971e-01 2.230062e-01 125 
1.640974e-01 2.230061e-01 126 
1.641078e-01 2.230191e-01 127 
1.641079e-01 2.230189e-01 128 
1.641181e-01 2.230305e-01 129 
1.641183e-01 2.230303e-01 130 
1.641290e-01 2.230424e-01 131 
1.641294e-01 2.230423e-01 132 
1.641398e-01 2.230542e-01 133 
1.641398e-01 2.230540e-01 134 
1.641499e-01 2.230657e-01 135 
1.641502e-01 2.230655e-01 136 
1.641606e-01 2.230770e-01 137 
1.641610e-01 2.230768e-01 138 
1.641711e-01 2.230861e-01 139 
1.641712e-01 2.230859e-01 140 
1.641811e-01 2.230947e-01 141 
1.641814e-01 2.230945e-01 142 
1.641916e-01 2.231003e-01 143 
1.641920e-01 2.231002e-01 144 
1.642020e-01 2.231056e-01 145 
1.642021e-01 2.231055e-01 146 
1.642119e-01 2.231084e-01 147 
1.642122e-01 2.231082e-01 148 
1.642223e-01 2.231106e-01 149 
1.642227e-01 2.231105e-01 150 
