2.500000e-01 1.759259e-01 6 
1.388889e-01 1.944444e-01 7 
NaN NaN 8 
NaN NaN 9 
1.250000e-01 NaN 10 
1.250000e-01 NaN 11 
9.325397e-02 3.174603e-02 12 
NaN NaN 13 
1.496914e-01 2.746914e-01 14 
1.250000e-01 2.253086e-01 15 
NaN NaN 16 
1.635020e-01 2.164239e-01 17 
1.635069e-01 2.240919e-01 18 
1.622870e-01 2.164964e-01 19 
1.623100e-01 2.191211e-01 20 
1.623103e-01 2.277724e-01 21 
1.633761e-01 2.285844e-01 22 
1.634973e-01 2.288986e-01 23 
1.634976e-01 2.287754e-01 24 
1.632943e-01 2.287069e-01 25 
1.632844e-01 2.278364e-01 26 
1.632833e-01 2.280140e-01 27 
1.636600e-01 2.266006e-01 28 
1.637359e-01 2.253745e-01 29 
1.637360e-01 2.254289e-01 30 
1.636590e-01 2.244273e-01 31 
1.636089e-01 2.237819e-01 32 
1.636078e-01 2.236321e-01 33 
1.637422e-01 2.228071e-01 34 
1.637622e-01 2.224084e-01 35 
1.637622e-01 2.224440e-01 36 
1.637115e-01 2.220641e-01 37 
1.636628e-01 2.219018e-01 38 
1.636622e-01 2.219040e-01 39 
1.637195e-01 2.218537e-01 40 
1.637374e-01 2.219046e-01 41 
1.637373e-01 2.219036e-01 42 
1.637229e-01 2.219918e-01 43 
1.637040e-01 2.221024e-01 44 
1.637032e-01 2.221037e-01 45 
1.637445e-01 2.221858e-01 46 
1.637663e-01 2.222271e-01 47 
1.637662e-01 2.222273e-01 48 
1.637656e-01 2.222458e-01 49 
1.637558e-01 2.222496e-01 50 
1.637551e-01 2.222455e-01 51 
1.637801e-01 2.222467e-01 52 
1.637962e-01 2.222470e-01 53 
1.637961e-01 2.222499e-01 54 
1.637980e-01 2.222486e-01 55 
1.637927e-01 2.222626e-01 56 
1.637922e-01 2.222628e-01 57 
1.638092e-01 2.222985e-01 58 
1.638241e-01 2.223499e-01 59 
1.638240e-01 2.223496e-01 60 
1.638303e-01 2.224049e-01 61 
1.638312e-01 2.224636e-01 62 
1.638308e-01 2.224639e-01 63 
1.638461e-01 2.225122e-01 64 
1.638615e-01 2.225476e-01 65 
1.638614e-01 2.225481e-01 66 
1.638702e-01 2.225725e-01 67 
1.638743e-01 2.225888e-01 68 
1.638739e-01 2.225885e-01 69 
1.638870e-01 2.226015e-01 70 
1.639012e-01 2.226174e-01 71 
1.639012e-01 2.226177e-01 72 
1.639106e-01 2.226354e-01 73 
1.639164e-01 2.226580e-01 74 
1.639160e-01 2.226582e-01 75 
1.639279e-01 2.226889e-01 76 
1.639414e-01 2.227253e-01 77 
1.639414e-01 2.227254e-01 78 
1.639514e-01 2.227620e-01 79 
1.639587e-01 2.227991e-01 80 
1.639585e-01 2.227991e-01 81 
1.639698e-01 2.228311e-01 82 
1.639831e-01 2.228561e-01 83 
1.639831e-01 2.228563e-01 84 
1.639936e-01 2.228753e-01 85 
1.640019e-01 2.228897e-01 86 
1.640017e-01 2.228898e-01 87 
1.640128e-01 2.229013e-01 88 
1.640258e-01 2.229152e-01 89 
1.640258e-01 2.229153e-01 90 
1.640367e-01 2.229323e-01 91 
1.640459e-01 2.229523e-01 92 
1.640457e-01 2.229523e-01 93 
1.640568e-01 2.229762e-01 94 
1.640696e-01 2.230032e-01 95 
1.640696e-01 2.230033e-01 96 
1.640809e-01 2.230297e-01 97 
1.640907e-01 2.230553e-01 98 
1.640906e-01 2.230554e-01 99 
1.641018e-01 2.230777e-01 100 
1.641145e-01 2.230956e-01 101 
1.641145e-01 2.230958e-01 102 
1.641261e-01 2.231105e-01 103 
1.641364e-01 2.231231e-01 104 
1.641363e-01 2.231231e-01 105 
1.641476e-01 2.231335e-01 106 
1.641602e-01 2.231449e-01 107 
1.641602e-01 2.231450e-01 108 
1.641720e-01 2.231582e-01 109 
1.641827e-01 2.231727e-01 110 
1.641826e-01 2.231727e-01 111 
1.641940e-01 2.231885e-01 112 
1.642066e-01 2.232057e-01 113 
1.642066e-01 2.232058e-01 114 
1.642185e-01 2.232217e-01 115 
1.642295e-01 2.232367e-01 116 
1.642294e-01 2.232368e-01 117 
1.642408e-01 2.232499e-01 118 
1.642533e-01 2.232605e-01 119 
1.642533e-01 2.232606e-01 120 
1.642653e-01 2.232698e-01 121 
1.642764e-01 2.232784e-01 122 
1.642763e-01 2.232785e-01 123 
1.642878e-01 2.232858e-01 124 
1.643001e-01 2.232936e-01 125 
1.643001e-01 2.232937e-01 126 
1.643121e-01 2.233025e-01 127 
1.643233e-01 2.233117e-01 128 
1.643233e-01 2.233118e-01 129 
1.643348e-01 2.233211e-01 130 
1.643470e-01 2.233309e-01 131 
1.643470e-01 2.233310e-01 132 
1.643590e-01 2.233394e-01 133 
1.643703e-01 2.233472e-01 134 
1.643703e-01 2.233474e-01 135 
1.643818e-01 2.233533e-01 136 
1.643940e-01 2.233569e-01 137 
1.643940e-01 2.233571e-01 138 
1.644060e-01 2.233597e-01 139 
1.644175e-01 2.570927e-05 140 
1.644174e-01 2.573844e-05 141 
1.644290e-01 2.451956e-05 142 
1.644412e-01 2.333605e-05 143 
1.644412e-01 2.335833e-05 144 
1.644533e-01 2.220181e-05 145 
1.644649e-01 2.108674e-05 146 
1.644648e-01 2.110587e-05 147 
1.644765e-01 2.007643e-05 148 
1.644888e-01 1.909650e-05 149 
1.644887e-01 1.911566e-05 150 
