NaN NaN 6 
NaN NaN 7 
1.726190e-01 2.351190e-01 8 
2.083333e-01 2.291667e-01 9 
1.620370e-01 1.875000e-01 10 
NaN NaN 11 
1.610940e-01 2.208487e-01 12 
1.614371e-01 2.205027e-01 13 
1.624137e-01 2.208338e-01 14 
1.630251e-01 2.210745e-01 15 
1.632273e-01 2.212167e-01 16 
1.631773e-01 2.209244e-01 17 
1.630640e-01 2.208687e-01 18 
1.630519e-01 2.209042e-01 19 
1.632050e-01 2.211689e-01 20 
1.633840e-01 2.213607e-01 21 
1.635088e-01 2.215507e-01 22 
1.635681e-01 2.217722e-01 23 
1.635847e-01 2.220002e-01 24 
1.635989e-01 2.221620e-01 25 
1.636473e-01 2.221913e-01 26 
1.637027e-01 2.221868e-01 27 
1.637391e-01 2.221931e-01 28 
1.637517e-01 2.221858e-01 29 
1.637433e-01 2.221426e-01 30 
1.637285e-01 2.220863e-01 31 
1.637278e-01 2.220556e-01 32 
1.637343e-01 2.220381e-01 33 
1.637369e-01 2.220119e-01 34 
1.637323e-01 2.219673e-01 35 
1.637201e-01 2.219346e-01 36 
1.637064e-01 2.219092e-01 37 
1.637018e-01 2.218933e-01 38 
1.637052e-01 2.218755e-01 39 
1.637105e-01 2.218642e-01 40 
1.637143e-01 2.218704e-01 41 
1.637154e-01 2.218877e-01 42 
1.637155e-01 2.219100e-01 43 
1.637195e-01 2.219262e-01 44 
1.637276e-01 2.219447e-01 45 
1.637363e-01 2.219672e-01 46 
1.637433e-01 2.219918e-01 47 
1.637479e-01 2.220130e-01 48 
1.637506e-01 2.220327e-01 49 
1.637547e-01 2.220557e-01 50 
1.637610e-01 2.220819e-01 51 
1.637677e-01 2.221077e-01 52 
1.637735e-01 2.221305e-01 53 
1.637778e-01 2.221536e-01 54 
1.637810e-01 2.221772e-01 55 
1.637852e-01 2.222009e-01 56 
1.637912e-01 2.222215e-01 57 
1.637979e-01 2.222404e-01 58 
1.638043e-01 2.222604e-01 59 
1.638101e-01 2.222815e-01 60 
1.638153e-01 2.223023e-01 61 
1.638211e-01 2.223208e-01 62 
1.638280e-01 2.223389e-01 63 
1.638355e-01 2.223576e-01 64 
1.638427e-01 2.223762e-01 65 
1.638495e-01 2.223934e-01 66 
1.638557e-01 2.224097e-01 67 
1.638620e-01 2.224268e-01 68 
1.638691e-01 2.224452e-01 69 
1.638766e-01 2.224637e-01 70 
1.638840e-01 2.224817e-01 71 
1.638911e-01 2.225001e-01 72 
1.638977e-01 2.225195e-01 73 
1.639043e-01 2.225394e-01 74 
1.639116e-01 2.225584e-01 75 
1.639192e-01 2.225765e-01 76 
1.639268e-01 2.225949e-01 77 
1.639342e-01 2.226136e-01 78 
1.639412e-01 2.226317e-01 79 
1.639483e-01 2.226487e-01 80 
1.639558e-01 2.226652e-01 81 
1.639635e-01 2.226818e-01 82 
1.639713e-01 2.226979e-01 83 
1.639789e-01 2.227127e-01 84 
1.639862e-01 2.227265e-01 85 
1.639935e-01 2.227401e-01 86 
1.640011e-01 2.227539e-01 87 
1.640089e-01 2.227672e-01 88 
1.640167e-01 2.227798e-01 89 
1.640244e-01 2.227924e-01 90 
1.640319e-01 2.228055e-01 91 
1.640393e-01 2.228188e-01 92 
1.640470e-01 2.228315e-01 93 
1.640548e-01 2.228437e-01 94 
1.640627e-01 2.228561e-01 95 
1.640704e-01 2.228687e-01 96 
1.640781e-01 2.228808e-01 97 
1.640857e-01 2.740791e-05 98 
1.640933e-01 2.782097e-05 99 
1.641012e-01 2.811937e-05 100 
1.641091e-01 2.839251e-05 101 
1.641170e-01 2.873978e-05 102 
1.641247e-01 2.920214e-05 103 
1.641324e-01 2.966668e-05 104 
1.641402e-01 3.000383e-05 105 
1.641481e-01 3.020986e-05 106 
1.641561e-01 3.037389e-05 107 
1.641640e-01 3.056656e-05 108 
1.641718e-01 3.079147e-05 109 
1.641796e-01 3.100619e-05 110 
1.641874e-01 3.115661e-05 111 
1.641953e-01 3.123110e-05 112 
1.642033e-01 3.126905e-05 113 
1.642113e-01 3.133447e-05 114 
1.642191e-01 3.144812e-05 115 
1.642269e-01 3.155725e-05 116 
1.642348e-01 3.160619e-05 117 
1.642427e-01 3.160826e-05 118 
1.642507e-01 3.160066e-05 119 
1.642587e-01 3.162015e-05 120 
1.642666e-01 3.166875e-05 121 
1.642745e-01 3.172742e-05 122 
1.642823e-01 3.176091e-05 123 
1.642903e-01 3.175757e-05 124 
1.642983e-01 3.173238e-05 125 
1.643062e-01 3.171271e-05 126 
1.643141e-01 3.170094e-05 127 
1.643220e-01 3.167967e-05 128 
1.643298e-01 3.162552e-05 129 
1.643377e-01 3.154486e-05 130 
1.643457e-01 3.144279e-05 131 
1.643536e-01 3.133655e-05 132 
1.643615e-01 3.122655e-05 133 
1.643693e-01 3.110279e-05 134 
1.643771e-01 3.096111e-05 135 
1.643850e-01 3.080206e-05 136 
1.643929e-01 3.062800e-05 137 
1.644008e-01 3.044129e-05 138 
1.644087e-01 3.024553e-05 139 
1.644164e-01 3.003962e-05 140 
1.644242e-01 2.981812e-05 141 
1.644321e-01 2.957625e-05 142 
1.644400e-01 2.932071e-05 143 
1.644479e-01 2.906511e-05 144 
1.644557e-01 2.880759e-05 145 
1.644635e-01 2.854018e-05 146 
1.644713e-01 2.826550e-05 147 
1.644792e-01 2.799394e-05 148 
1.644871e-01 2.772528e-05 149 
1.644950e-01 2.745568e-05 150 
