NaN NaN 1 
1.689815e-01 6.250000e-02 2 
1.250000e-01 NaN 3 
1.329365e-01 NaN 4 
NaN 6.172840e-03 5 
1.114269e-02 2.111091e-01 6 
9.192202e-03 2.192151e-02 7 
7.652845e-03 1.974350e-02 8 
4.636303e-02 1.756188e-02 9 
4.136369e-02 5.535332e-05 10 
1.318141e-01 1.678735e-04 11 
4.442589e-03 1.508408e-02 12 
4.389585e-03 1.989016e-02 13 
4.011319e-03 1.012576e-02 14 
3.763458e-03 2.492448e-01 15 
3.170556e-03 2.334772e-01 16 
3.222296e-03 2.783951e-01 17 
2.843741e-03 2.628213e-01 18 
2.234823e-02 2.490338e-01 19 
2.102711e-02 2.366118e-01 20 
2.172811e-02 2.728797e-01 21 
1.681005e-04 2.604808e-01 22 
1.006517e-01 2.491750e-01 23 
1.805510e-01 2.387933e-01 24 
1.333268e-01 2.291878e-01 25 
1.279684e-01 2.588544e-01 26 
1.601172e-01 2.492900e-01 27 
1.900832e-01 2.403853e-01 28 
1.835441e-01 2.321178e-01 29 
1.442071e-01 2.244151e-01 30 
1.717719e-01 2.171697e-01 31 
1.663589e-01 2.415957e-01 32 
1.613055e-01 2.342882e-01 33 
1.565764e-01 2.274134e-01 34 
1.520664e-01 2.209168e-01 35 
1.756704e-01 2.148091e-01 36 
1.709270e-01 2.359660e-01 37 
1.664047e-01 2.297682e-01 38 
1.621303e-01 2.238703e-01 39 
1.580897e-01 2.183029e-01 40 
1.785957e-01 2.373159e-01 41 
1.743739e-01 2.316802e-01 42 
1.703226e-01 2.262874e-01 43 
1.664304e-01 2.211705e-01 44 
1.627294e-01 2.162563e-01 45 
1.592026e-01 2.332689e-01 46 
1.557912e-01 2.283187e-01 47 
1.734005e-01 2.235767e-01 48 
1.698669e-01 2.190150e-01 49 
1.664524e-01 2.146477e-01 50 
1.631923e-01 2.300143e-01 51 
1.600635e-01 2.255997e-01 52 
1.570245e-01 2.213463e-01 53 
1.541395e-01 2.172619e-01 54 
1.695165e-01 2.133038e-01 55 
1.664734e-01 2.273306e-01 56 
1.635575e-01 2.233423e-01 57 
1.607449e-01 2.195069e-01 58 
1.580036e-01 2.327048e-01 59 
1.720493e-01 2.288361e-01 60 
1.692344e-01 2.250858e-01 61 
1.664883e-01 2.214682e-01 62 
1.638519e-01 2.179529e-01 63 
1.612979e-01 2.301550e-01 64 
1.588023e-01 2.266219e-01 65 
1.715574e-01 2.231975e-01 66 
1.690024e-01 2.198668e-01 67 
1.665017e-01 2.166418e-01 68 
1.640965e-01 2.279710e-01 69 
1.617575e-01 2.247211e-01 70 
1.594670e-01 2.215592e-01 71 
1.572636e-01 2.184914e-01 72 
1.688100e-01 2.154952e-01 73 
1.665138e-01 2.260799e-01 74 
1.643017e-01 2.230672e-01 75 
1.621438e-01 2.201411e-01 76 
1.600271e-01 2.172835e-01 77 
1.579850e-01 2.273032e-01 78 
1.686464e-01 2.244284e-01 79 
1.665237e-01 2.216305e-01 80 
1.644762e-01 2.188937e-01 81 
1.624737e-01 2.284062e-01 82 
1.605067e-01 2.256596e-01 83 
1.586043e-01 2.229803e-01 84 
1.685057e-01 2.203570e-01 85 
1.665325e-01 2.178006e-01 86 
1.646270e-01 2.267732e-01 87 
1.627589e-01 2.242018e-01 88 
1.609217e-01 2.216852e-01 89 
1.591410e-01 2.192286e-01 90 
1.683839e-01 2.277892e-01 91 
1.665404e-01 2.253186e-01 92 
1.647583e-01 2.228973e-01 93 
1.630076e-01 2.205317e-01 94 
1.612842e-01 2.287221e-01 95 
1.596106e-01 2.263449e-01 96 
1.682770e-01 2.240135e-01 97 
1.665474e-01 2.217325e-01 98 
1.648736e-01 2.194914e-01 99 
1.632265e-01 2.272874e-01 100 
