1.619541e-01 2.045611e-01 6 
1.680820e-01 2.002497e-01 7 
1.691216e-01 2.050939e-01 8 
1.675578e-01 2.155877e-01 9 
1.644512e-01 2.204204e-01 10 
1.626741e-01 2.214787e-01 11 
1.616595e-01 2.208954e-01 12 
1.617630e-01 2.208141e-01 13 
1.625953e-01 2.211583e-01 14 
1.631311e-01 2.212668e-01 15 
1.633065e-01 2.208692e-01 16 
1.632602e-01 2.203555e-01 17 
1.631367e-01 2.201376e-01 18 
1.631100e-01 2.201997e-01 19 
1.632544e-01 2.203518e-01 20 
1.634128e-01 2.204690e-01 21 
1.635184e-01 2.206779e-01 22 
1.635646e-01 2.209312e-01 23 
1.635661e-01 2.212116e-01 24 
1.635680e-01 2.213983e-01 25 
1.636136e-01 2.215276e-01 26 
1.636677e-01 2.216552e-01 27 
1.637033e-01 2.217775e-01 28 
1.637170e-01 2.218678e-01 29 
1.637100e-01 2.219141e-01 30 
1.636968e-01 2.219488e-01 31 
1.637006e-01 2.219901e-01 32 
1.637123e-01 2.220213e-01 33 
1.637187e-01 2.220217e-01 34 
1.637179e-01 2.219960e-01 35 
1.637093e-01 2.219650e-01 36 
1.636983e-01 2.219371e-01 37 
1.636971e-01 2.219096e-01 38 
1.637034e-01 2.218786e-01 39 
1.637101e-01 2.218569e-01 40 
1.637150e-01 2.218515e-01 41 
1.637166e-01 2.218579e-01 42 
1.637165e-01 2.218672e-01 43 
1.637208e-01 2.218779e-01 44 
1.637294e-01 2.218963e-01 45 
1.637379e-01 2.219219e-01 46 
1.637447e-01 2.219493e-01 47 
1.637491e-01 2.219746e-01 48 
1.637514e-01 2.220007e-01 49 
1.637553e-01 2.220308e-01 50 
1.637619e-01 2.220624e-01 51 
1.637685e-01 2.220904e-01 52 
1.637742e-01 2.221143e-01 53 
1.637785e-01 2.221368e-01 54 
1.637816e-01 2.221588e-01 55 
1.637858e-01 2.221788e-01 56 
1.637919e-01 2.221952e-01 57 
1.637987e-01 2.222110e-01 58 
1.638052e-01 2.222288e-01 59 
1.638110e-01 2.222479e-01 60 
1.638161e-01 2.222664e-01 61 
1.638218e-01 2.222841e-01 62 
1.638289e-01 2.223031e-01 63 
1.638364e-01 2.223235e-01 64 
1.638437e-01 2.223437e-01 65 
1.638505e-01 2.223626e-01 66 
1.638567e-01 2.223813e-01 67 
1.638631e-01 2.224010e-01 68 
1.638704e-01 2.224215e-01 69 
1.638780e-01 2.224409e-01 70 
1.638856e-01 2.224594e-01 71 
1.638928e-01 2.224781e-01 72 
1.638995e-01 2.224973e-01 73 
1.639063e-01 2.225160e-01 74 
1.639138e-01 2.225334e-01 75 
1.639216e-01 2.225506e-01 76 
1.639293e-01 2.225684e-01 77 
1.639368e-01 2.225867e-01 78 
1.639439e-01 2.226043e-01 79 
1.639511e-01 2.226213e-01 80 
1.639587e-01 2.226385e-01 81 
1.639665e-01 2.226560e-01 82 
1.639744e-01 2.226729e-01 83 
1.639821e-01 2.226885e-01 84 
1.639895e-01 2.227033e-01 85 
1.639968e-01 2.227181e-01 86 
1.640045e-01 2.227328e-01 87 
1.640124e-01 2.227465e-01 88 
1.640204e-01 2.227595e-01 89 
1.640281e-01 2.227725e-01 90 
1.640357e-01 2.227859e-01 91 
1.640432e-01 2.227991e-01 92 
1.640509e-01 2.228115e-01 93 
1.640588e-01 2.228238e-01 94 
1.640668e-01 2.228366e-01 95 
1.640746e-01 2.228497e-01 96 
1.640822e-01 2.228623e-01 97 
1.640898e-01 2.228744e-01 98 
1.640975e-01 2.228867e-01 99 
1.641054e-01 2.228992e-01 100 
1.641133e-01 2.229112e-01 101 
1.641212e-01 2.229221e-01 102 
1.641288e-01 2.229325e-01 103 
1.641365e-01 2.229428e-01 104 
1.641442e-01 2.229527e-01 105 
1.641521e-01 2.229617e-01 106 
1.641600e-01 2.229700e-01 107 
1.641678e-01 2.229784e-01 108 
1.641755e-01 2.229870e-01 109 
1.641832e-01 2.229953e-01 110 
1.641909e-01 2.230031e-01 111 
1.641988e-01 2.230111e-01 112 
1.642066e-01 2.230195e-01 113 
1.642145e-01 2.230282e-01 114 
1.642222e-01 2.230367e-01 115 
1.642299e-01 2.230449e-01 116 
1.642376e-01 2.230536e-01 117 
1.642454e-01 2.230625e-01 118 
1.642533e-01 2.230712e-01 119 
1.642611e-01 2.230793e-01 120 
1.642689e-01 2.230873e-01 121 
1.642765e-01 2.230954e-01 122 
1.642842e-01 2.231034e-01 123 
1.642920e-01 2.231107e-01 124 
1.642998e-01 2.231175e-01 125 
1.643076e-01 2.231244e-01 126 
1.643154e-01 2.231314e-01 127 
1.643230e-01 2.231381e-01 128 
1.643307e-01 2.231443e-01 129 
1.643385e-01 2.231505e-01 130 
1.643463e-01 2.231570e-01 131 
1.643540e-01 2.231635e-01 132 
1.643617e-01 1.452818e-05 133 
1.643694e-01 1.452810e-05 134 
1.643771e-01 1.452173e-05 135 
1.643848e-01 1.451001e-05 136 
1.643926e-01 1.449358e-05 137 
1.644003e-01 1.447492e-05 138 
1.644080e-01 1.446020e-05 139 
1.644157e-01 1.445039e-05 140 
1.644233e-01 1.443730e-05 141 
1.644310e-01 1.442280e-05 142 
1.644388e-01 1.440700e-05 143 
1.644466e-01 1.439350e-05 144 
1.644543e-01 1.438414e-05 145 
1.644620e-01 1.437652e-05 146 
1.644697e-01 1.436759e-05 147 
1.644775e-01 1.436323e-05 148 
1.644853e-01 1.435445e-05 149 
1.644931e-01 1.434668e-05 150 
