1.504630e-01 2.500000e-01 6 
1.319444e-01 2.013889e-01 7 
NaN 1.875000e-01 8 
NaN NaN 9 
NaN NaN 10 
2.033730e-01 7.936508e-03 11 
1.403770e-01 1.716270e-01 12 
NaN NaN 13 
1.624228e-01 1.562500e-01 14 
6.172840e-03 NaN 15 
NaN NaN 16 
1.773546e-01 2.507664e-01 17 
1.685056e-01 2.388631e-01 18 
1.597219e-01 2.256053e-01 19 
1.516474e-01 2.141515e-01 20 
1.449982e-01 2.060342e-01 21 
1.829699e-01 2.397628e-01 22 
1.745612e-01 2.293677e-01 23 
1.679060e-01 2.206106e-01 24 
1.612422e-01 2.119354e-01 25 
1.549829e-01 2.048784e-01 26 
1.497357e-01 2.328115e-01 27 
1.793827e-01 2.242415e-01 28 
1.728959e-01 2.163969e-01 29 
1.675715e-01 2.105300e-01 30 
1.622212e-01 2.344589e-01 31 
1.571140e-01 2.271303e-01 32 
1.527350e-01 2.207052e-01 33 
1.770894e-01 2.143539e-01 34 
1.718290e-01 2.089851e-01 35 
1.673796e-01 2.298759e-01 36 
1.628961e-01 2.236612e-01 37 
1.585821e-01 2.178149e-01 38 
1.548135e-01 2.129935e-01 39 
1.511828e-01 2.315597e-01 40 
1.710747e-01 2.260091e-01 41 
1.672412e-01 2.210004e-01 42 
1.633827e-01 2.159481e-01 43 
1.596594e-01 2.114335e-01 44 
1.563519e-01 2.282369e-01 45 
1.531378e-01 2.232634e-01 46 
1.705097e-01 2.185214e-01 47 
1.671463e-01 2.145192e-01 48 
1.637617e-01 2.297774e-01 49 
1.604868e-01 2.252308e-01 50 
1.575302e-01 2.210701e-01 51 
1.546433e-01 2.168832e-01 52 
1.700778e-01 2.129739e-01 53 
1.670769e-01 2.271121e-01 54 
1.640575e-01 2.230236e-01 55 
1.611351e-01 2.190773e-01 56 
1.584623e-01 2.155492e-01 57 
1.558437e-01 2.284868e-01 58 
1.697322e-01 2.246952e-01 59 
1.670215e-01 2.211707e-01 60 
1.642960e-01 2.175708e-01 61 
1.616612e-01 2.141250e-01 62 
1.592218e-01 2.263236e-01 63 
1.568252e-01 2.228070e-01 64 
1.694492e-01 2.193877e-01 65 
1.669779e-01 2.162833e-01 66 
1.644935e-01 2.275899e-01 67 
1.620949e-01 2.242932e-01 68 
1.598494e-01 2.211983e-01 69 
1.576394e-01 2.180377e-01 70 
1.692143e-01 2.149205e-01 71 
1.669423e-01 2.257247e-01 72 
1.646587e-01 2.226599e-01 73 
1.624580e-01 2.196595e-01 74 
1.603782e-01 2.168360e-01 75 
1.583277e-01 2.268654e-01 76 
1.690147e-01 2.239649e-01 77 
1.669120e-01 2.212217e-01 78 
1.647991e-01 2.184038e-01 79 
1.627671e-01 2.279142e-01 80 
1.608301e-01 2.252606e-01 81 
1.589170e-01 2.225226e-01 82 
1.688433e-01 2.198332e-01 83 
1.668866e-01 2.172973e-01 84 
1.649203e-01 2.263255e-01 85 
1.630332e-01 2.237252e-01 86 
1.612204e-01 2.212469e-01 87 
1.594272e-01 2.187106e-01 88 
1.686943e-01 2.161923e-01 89 
1.668648e-01 2.248903e-01 90 
1.650260e-01 2.224311e-01 91 
1.632649e-01 2.200107e-01 92 
1.615615e-01 2.176879e-01 93 
1.598738e-01 2.258741e-01 94 
1.685633e-01 2.235175e-01 95 
1.668459e-01 2.212650e-01 96 
1.651189e-01 2.189636e-01 97 
1.634679e-01 2.167028e-01 98 
1.618616e-01 2.245981e-01 99 
1.602677e-01 2.223528e-01 100 
1.684471e-01 2.201426e-01 101 
1.668292e-01 2.180305e-01 102 
1.652013e-01 2.255202e-01 103 
1.636475e-01 2.233669e-01 104 
1.621276e-01 2.212997e-01 105 
1.606174e-01 2.191965e-01 106 
1.683435e-01 2.171124e-01 107 
1.668143e-01 2.243552e-01 108 
1.652746e-01 2.223015e-01 109 
1.638073e-01 2.202779e-01 110 
1.623652e-01 2.183225e-01 111 
1.609304e-01 2.252212e-01 112 
1.595229e-01 2.232372e-01 113 
1.668010e-01 2.213268e-01 114 
1.653404e-01 2.193872e-01 115 
1.639505e-01 2.260358e-01 116 
1.625785e-01 2.241640e-01 117 
1.612118e-01 2.222597e-01 118 
1.598708e-01 2.203847e-01 119 
1.667889e-01 2.185818e-01 120 
1.653997e-01 2.249758e-01 121 
1.640793e-01 2.231360e-01 122 
1.627712e-01 2.213621e-01 123 
1.614665e-01 2.195685e-01 124 
1.680885e-01 2.177945e-01 125 
1.667778e-01 2.239937e-01 126 
1.654535e-01 2.222301e-01 127 
1.641958e-01 2.204938e-01 128 
1.629457e-01 2.188098e-01 129 
1.616977e-01 2.247611e-01 130 
1.680193e-01 2.230492e-01 131 
1.667676e-01 2.213943e-01 132 
1.655023e-01 2.197219e-01 133 
1.643017e-01 2.254884e-01 134 
1.631048e-01 2.238586e-01 135 
1.619083e-01 2.222089e-01 136 
1.679555e-01 2.205840e-01 137 
1.667585e-01 2.190128e-01 138 
1.655471e-01 2.245820e-01 139 
1.643984e-01 2.229798e-01 140 
1.632502e-01 2.214300e-01 141 
1.621014e-01 2.198672e-01 142 
1.678969e-01 2.252683e-01 143 
1.667503e-01 2.237358e-01 144 
1.655882e-01 2.221948e-01 145 
1.644870e-01 2.206753e-01 146 
1.633835e-01 2.191922e-01 147 
1.622787e-01 2.244218e-01 148 
1.678431e-01 2.229217e-01 149 
1.667427e-01 2.214646e-01 150 
