1.225653e-01 2.887408e-01 6 
1.886893e-01 2.476886e-01 7 
1.650108e-01 2.165864e-01 8 
1.467723e-01 2.288735e-01 9 
1.325859e-01 2.734938e-01 10 
1.207420e-01 2.484650e-01 11 
1.932909e-01 2.277465e-01 12 
1.785064e-01 2.102742e-01 13 
1.657593e-01 2.664092e-01 14 
1.547744e-01 2.487176e-01 15 
1.452701e-01 2.332043e-01 16 
1.951755e-01 2.195443e-01 17 
1.844790e-01 2.073756e-01 18 
1.747939e-01 2.489511e-01 19 
1.660536e-01 2.365559e-01 20 
1.581765e-01 2.252811e-01 21 
1.510604e-01 2.150511e-01 22 
1.445206e-01 2.057044e-01 23 
1.800471e-01 2.387623e-01 24 
1.728466e-01 2.292504e-01 25 
1.661950e-01 2.204321e-01 26 
1.600606e-01 2.122629e-01 27 
1.543888e-01 2.046658e-01 28 
1.490841e-01 2.321173e-01 29 
1.773705e-01 2.243788e-01 30 
1.716507e-01 2.171537e-01 31 
1.662889e-01 2.103675e-01 32 
1.612669e-01 2.342506e-01 33 
1.565506e-01 2.273710e-01 34 
1.520879e-01 2.208889e-01 35 
1.755917e-01 2.147622e-01 36 
1.708454e-01 2.089513e-01 37 
1.663533e-01 2.297487e-01 38 
1.620980e-01 2.238596e-01 39 
1.580610e-01 2.182661e-01 40 
1.542129e-01 2.129439e-01 41 
1.743196e-01 2.316680e-01 42 
1.702622e-01 2.262943e-01 43 
1.663970e-01 2.211532e-01 44 
1.627065e-01 2.162378e-01 45 
1.591807e-01 2.115308e-01 46 
1.558005e-01 2.283084e-01 47 
1.733622e-01 2.235548e-01 48 
1.698215e-01 2.190000e-01 49 
1.664319e-01 2.146198e-01 50 
1.631735e-01 2.299930e-01 51 
1.600431e-01 2.255772e-01 52 
1.570280e-01 2.213291e-01 53 
1.541320e-01 2.172347e-01 54 
1.694779e-01 2.132817e-01 55 
1.664589e-01 2.273186e-01 56 
1.635411e-01 2.233340e-01 57 
1.607262e-01 2.194835e-01 58 
1.580061e-01 2.157644e-01 59 
1.720245e-01 2.288247e-01 60 
1.692010e-01 2.250821e-01 61 
1.664799e-01 2.214536e-01 62 
1.638384e-01 2.179387e-01 63 
1.612821e-01 2.145285e-01 64 
1.588048e-01 2.266106e-01 65 
1.564063e-01 2.231803e-01 66 
1.689736e-01 2.198534e-01 67 
1.664975e-01 2.166199e-01 68 
1.640844e-01 2.279574e-01 69 
1.617430e-01 2.247051e-01 70 
1.594683e-01 2.215454e-01 71 
1.572595e-01 2.184701e-01 72 
1.687838e-01 2.154756e-01 73 
1.665121e-01 2.260705e-01 74 
1.642908e-01 2.230589e-01 75 
1.621309e-01 2.201231e-01 76 
1.600285e-01 2.172648e-01 77 
1.579817e-01 2.144801e-01 78 
1.686226e-01 2.244224e-01 79 
1.665242e-01 2.216181e-01 80 
1.644665e-01 2.188821e-01 81 
1.624623e-01 2.162092e-01 82 
1.605079e-01 2.256509e-01 83 
1.586009e-01 2.229662e-01 84 
1.684841e-01 2.203459e-01 85 
1.665346e-01 2.177837e-01 86 
1.646180e-01 2.267651e-01 87 
1.627486e-01 2.241901e-01 88 
1.609226e-01 2.216747e-01 89 
1.591377e-01 2.192126e-01 90 
1.683639e-01 2.168030e-01 91 
1.665435e-01 2.253115e-01 92 
1.647499e-01 2.228906e-01 93 
1.629982e-01 2.205183e-01 94 
1.612850e-01 2.181980e-01 95 
1.596074e-01 2.263373e-01 96 
1.682586e-01 2.240082e-01 97 
1.665512e-01 2.217228e-01 98 
1.648657e-01 2.194834e-01 99 
1.632180e-01 2.272804e-01 100 
1.616044e-01 2.250349e-01 101 
1.600220e-01 2.228293e-01 102 
1.681655e-01 2.206677e-01 103 
1.665580e-01 2.185461e-01 104 
1.649683e-01 2.259828e-01 105 
1.634129e-01 2.238514e-01 106 
1.618879e-01 2.217619e-01 107 
1.603905e-01 2.197089e-01 108 
1.680827e-01 2.176931e-01 109 
1.665640e-01 2.248020e-01 110 
1.650598e-01 2.227781e-01 111 
1.635869e-01 2.207879e-01 112 
1.621414e-01 2.188350e-01 113 
1.607203e-01 2.256842e-01 114 
1.680085e-01 2.237246e-01 115 
1.665693e-01 2.217957e-01 116 
1.651419e-01 2.199005e-01 117 
1.637431e-01 2.265065e-01 118 
1.623693e-01 2.246062e-01 119 
1.610171e-01 2.227342e-01 120 
1.679416e-01 2.208946e-01 121 
1.665739e-01 2.190843e-01 122 
1.652160e-01 2.254302e-01 123 
1.638843e-01 2.236119e-01 124 
1.625753e-01 2.218248e-01 125 
1.612857e-01 2.200643e-01 126 
1.678811e-01 2.262038e-01 127 
1.665781e-01 2.244365e-01 128 
1.652832e-01 2.226977e-01 129 
1.640124e-01 2.209836e-01 130 
1.627624e-01 2.192977e-01 131 
1.615298e-01 2.252096e-01 132 
1.678260e-01 2.235182e-01 133 
1.665819e-01 2.218501e-01 134 
1.653443e-01 2.202074e-01 135 
1.641292e-01 2.185871e-01 136 
1.629332e-01 2.242906e-01 137 
1.617528e-01 2.226649e-01 138 
1.677757e-01 2.210638e-01 139 
1.665854e-01 2.194850e-01 140 
1.654003e-01 2.250186e-01 141 
1.642361e-01 2.234336e-01 142 
1.630896e-01 2.218727e-01 143 
1.619571e-01 2.203319e-01 144 
1.677296e-01 2.188122e-01 145 
1.665885e-01 2.241612e-01 146 
1.654517e-01 2.226373e-01 147 
1.643343e-01 2.211325e-01 148 
1.632334e-01 2.196493e-01 149 
1.621452e-01 2.181851e-01 150 
