NaN 2.500000e-01 6 
2.500000e-01 2.500000e-01 7 
2.777778e-02 2.222222e-01 8 
NaN 2.222222e-01 9 
1.851852e-02 2.939815e-01 10 
1.851852e-02 2.685185e-01 11 
1.851852e-02 2.314815e-01 12 
NaN 1.875000e-01 13 
NaN 1.736111e-01 14 
NaN 2.638889e-01 15 
NaN NaN 16 
NaN NaN 17 
NaN NaN 18 
NaN NaN 19 
NaN NaN 20 
NaN NaN 21 
7.936508e-03 2.108135e-01 22 
1.587302e-02 1.875000e-01 23 
NaN NaN 24 
NaN 2.256944e-01 25 
NaN NaN 26 
6.944444e-03 NaN 27 
6.172840e-03 NaN 28 
NaN 2.187500e-01 29 
NaN NaN 30 
NaN NaN 31 
NaN NaN 32 
NaN NaN 33 
1.804953e-01 2.264775e-01 34 
1.752368e-01 2.189306e-01 35 
1.692071e-01 2.115918e-01 36 
1.636260e-01 2.366736e-01 37 
1.586722e-01 2.296280e-01 38 
1.534664e-01 2.226683e-01 39 
1.492407e-01 2.161927e-01 40 
1.740114e-01 2.097306e-01 41 
1.689203e-01 2.322736e-01 42 
1.641233e-01 2.255898e-01 43 
1.598848e-01 2.196602e-01 44 
1.553463e-01 2.137702e-01 45 
1.769251e-01 2.337542e-01 46 
1.730910e-01 2.281197e-01 47 
1.686813e-01 2.226012e-01 48 
1.644919e-01 2.173175e-01 49 
1.607925e-01 2.121354e-01 50 
1.567762e-01 2.303317e-01 51 
1.534974e-01 2.249496e-01 52 
1.723786e-01 2.200518e-01 53 
1.684881e-01 2.152037e-01 54 
1.647813e-01 2.317547e-01 55 
1.614910e-01 2.271021e-01 56 
1.578991e-01 2.224812e-01 57 
1.549483e-01 2.180889e-01 58 
1.718115e-01 2.137180e-01 59 
1.683288e-01 2.290045e-01 60 
1.650073e-01 2.245075e-01 61 
1.620466e-01 2.203844e-01 62 
1.778861e-01 2.162648e-01 63 
1.561206e-01 2.125943e-01 64 
1.532134e-01 2.263373e-01 65 
1.501037e-01 2.224256e-01 66 
1.651910e-01 2.186561e-01 67 
1.625005e-01 2.149453e-01 68 
1.595419e-01 2.279869e-01 69 
1.570883e-01 2.241656e-01 70 
1.709512e-01 2.205985e-01 71 
1.680741e-01 2.170646e-01 72 
1.653391e-01 2.291845e-01 73 
1.628719e-01 2.257673e-01 74 
1.601575e-01 2.223635e-01 75 
1.578974e-01 2.191084e-01 76 
1.706148e-01 2.158834e-01 77 
1.679697e-01 2.272121e-01 78 
1.654608e-01 2.238940e-01 79 
1.631824e-01 2.207932e-01 80 
1.606756e-01 2.177092e-01 81 
1.585848e-01 2.283037e-01 82 
1.703216e-01 2.252984e-01 83 
1.678764e-01 2.223278e-01 84 
1.655622e-01 2.194628e-01 85 
1.634456e-01 2.166411e-01 86 
1.611213e-01 2.265845e-01 87 
1.591759e-01 2.236894e-01 88 
1.700641e-01 2.209410e-01 89 
1.677920e-01 2.182263e-01 90 
1.656469e-01 2.275959e-01 91 
1.636709e-01 2.249421e-01 92 
1.615071e-01 2.223002e-01 93 
1.596905e-01 2.197668e-01 94 
1.698341e-01 2.172605e-01 95 
1.677146e-01 2.260881e-01 96 
1.657182e-01 2.235158e-01 97 
1.638655e-01 2.210753e-01 98 
1.618440e-01 2.186571e-01 99 
1.601421e-01 2.270253e-01 100 
1.696266e-01 2.246398e-01 101 
1.676428e-01 2.222855e-01 102 
1.657774e-01 2.200084e-01 103 
1.640352e-01 2.177609e-01 104 
1.621409e-01 2.256813e-01 105 
1.605416e-01 2.233897e-01 106 
1.694378e-01 2.211841e-01 107 
1.675758e-01 2.190067e-01 108 
1.658283e-01 2.265530e-01 109 
1.641823e-01 2.244086e-01 110 
1.624043e-01 2.222746e-01 111 
1.608978e-01 2.202183e-01 112 
1.692643e-01 2.181836e-01 113 
1.675126e-01 2.253538e-01 114 
1.658713e-01 2.232737e-01 115 
1.643139e-01 2.212775e-01 116 
1.626395e-01 2.193022e-01 117 
1.612173e-01 2.261698e-01 118 
1.596821e-01 2.242055e-01 119 
1.674526e-01 2.309582e-01 120 
1.659073e-01 2.203889e-01 121 
1.644306e-01 2.185303e-01 122 
1.628508e-01 2.250760e-01 123 
1.615056e-01 2.231900e-01 124 
1.600526e-01 2.213585e-01 125 
1.673953e-01 2.195487e-01 126 
1.659376e-01 2.258370e-01 127 
1.645346e-01 2.240457e-01 128 
1.630412e-01 2.222645e-01 129 
1.617669e-01 2.205404e-01 130 
1.603892e-01 2.188299e-01 131 
1.673404e-01 2.248480e-01 132 
1.659625e-01 2.231107e-01 133 
1.646287e-01 2.214271e-01 134 
1.632141e-01 2.197580e-01 135 
1.620045e-01 2.255668e-01 136 
1.606960e-01 2.239052e-01 137 
1.672874e-01 2.222637e-01 138 
1.659831e-01 2.206630e-01 139 
1.647119e-01 2.190781e-01 140 
1.633706e-01 2.246520e-01 141 
1.622217e-01 2.230541e-01 142 
1.609771e-01 2.214871e-01 143 
1.672364e-01 2.199351e-01 144 
1.659996e-01 2.184567e-01 145 
1.647866e-01 2.237936e-01 146 
1.635132e-01 2.222639e-01 147 
1.624208e-01 2.207729e-01 148 
1.612354e-01 2.192938e-01 149 
1.671869e-01 2.244912e-01 150 
