NaN NaN 6 
9.259259e-03 NaN 7 
NaN NaN 8 
1.944444e-01 1.493056e-01 9 
1.234568e-02 6.172840e-03 10 
NaN NaN 11 
1.395110e-01 2.087501e-01 12 
1.290355e-01 2.670586e-01 13 
1.898046e-01 2.484419e-01 14 
1.772580e-01 2.324782e-01 15 
1.664282e-01 2.182788e-01 16 
1.569659e-01 2.059604e-01 17 
1.482078e-01 2.482271e-01 18 
1.405033e-01 2.356172e-01 19 
1.827009e-01 2.241276e-01 20 
1.740801e-01 2.137237e-01 21 
1.662924e-01 2.042195e-01 22 
1.592597e-01 2.380398e-01 23 
1.526405e-01 2.282756e-01 24 
1.465846e-01 2.192811e-01 25 
1.789209e-01 2.109007e-01 26 
1.723451e-01 2.031699e-01 27 
1.662711e-01 2.313959e-01 28 
1.606840e-01 2.234731e-01 29 
1.553655e-01 2.160901e-01 30 
1.503960e-01 2.091970e-01 31 
1.765699e-01 2.335279e-01 32 
1.712708e-01 2.265797e-01 33 
1.662999e-01 2.199971e-01 34 
1.616586e-01 2.137557e-01 35 
1.572086e-01 2.078828e-01 36 
1.529851e-01 2.289867e-01 37 
1.749850e-01 2.230497e-01 38 
1.705399e-01 2.173899e-01 39 
1.663276e-01 2.119615e-01 40 
1.623522e-01 2.310245e-01 41 
1.585247e-01 2.255881e-01 42 
1.548589e-01 2.203798e-01 43 
1.738302e-01 2.153610e-01 44 
1.700015e-01 2.105708e-01 45 
1.663525e-01 2.276988e-01 46 
1.628787e-01 2.228797e-01 47 
1.595232e-01 2.182552e-01 48 
1.562879e-01 2.137962e-01 49 
1.729522e-01 2.293859e-01 50 
1.695957e-01 2.249492e-01 51 
1.663785e-01 2.206552e-01 52 
1.632910e-01 2.164886e-01 53 
1.603020e-01 2.308270e-01 54 
1.574045e-01 2.267108e-01 55 
1.722676e-01 2.226989e-01 56 
1.692768e-01 2.188102e-01 57 
1.663998e-01 2.150125e-01 58 
1.636198e-01 2.282672e-01 59 
1.609251e-01 2.245023e-01 60 
1.583034e-01 2.208368e-01 61 
1.557626e-01 2.172534e-01 62 
1.690178e-01 2.137805e-01 63 
1.664180e-01 2.260708e-01 64 
1.638903e-01 2.226099e-01 65 
1.614377e-01 2.192428e-01 66 
1.590442e-01 2.159488e-01 67 
1.567166e-01 2.126953e-01 68 
1.688050e-01 2.241589e-01 69 
1.664343e-01 2.209708e-01 70 
1.641161e-01 2.178468e-01 71 
1.618651e-01 2.148010e-01 72 
1.596631e-01 2.255383e-01 73 
1.575153e-01 2.225062e-01 74 
1.686263e-01 2.195451e-01 75 
1.664478e-01 2.166336e-01 76 
1.643069e-01 2.137817e-01 77 
1.622270e-01 2.239021e-01 78 
1.601883e-01 2.210746e-01 79 
1.581952e-01 2.182945e-01 80 
1.684740e-01 2.155848e-01 81 
1.664598e-01 2.251515e-01 82 
1.644711e-01 2.224500e-01 83 
1.625379e-01 2.198063e-01 84 
1.606401e-01 2.172080e-01 85 
1.587803e-01 2.262665e-01 86 
1.683429e-01 2.236899e-01 87 
1.664701e-01 2.211585e-01 88 
1.646134e-01 2.186676e-01 89 
1.628076e-01 2.272981e-01 90 
1.610323e-01 2.248262e-01 91 
1.592893e-01 2.223901e-01 92 
1.682289e-01 2.200038e-01 93 
1.664792e-01 2.282444e-01 94 
1.647380e-01 2.258682e-01 95 
1.630438e-01 2.235312e-01 96 
1.613760e-01 2.212323e-01 97 
1.597361e-01 2.189664e-01 98 
1.681287e-01 2.268126e-01 99 
1.664870e-01 2.245731e-01 100 
1.648480e-01 2.223575e-01 101 
1.632522e-01 2.201842e-01 102 
1.616798e-01 2.180433e-01 103 
1.601311e-01 2.255260e-01 104 
1.680402e-01 2.233934e-01 105 
1.664939e-01 2.212958e-01 106 
1.649456e-01 2.192259e-01 107 
1.634375e-01 2.264192e-01 108 
1.619502e-01 2.243586e-01 109 
1.604831e-01 2.223243e-01 110 
1.679612e-01 2.203266e-01 111 
1.665000e-01 2.183568e-01 112 
1.650331e-01 2.252536e-01 113 
1.636034e-01 2.232890e-01 114 
1.621924e-01 2.213519e-01 115 
1.607987e-01 2.194402e-01 116 
1.678904e-01 2.260811e-01 117 
1.665054e-01 2.241831e-01 118 
1.651118e-01 2.223036e-01 119 
1.637527e-01 2.204580e-01 120 
1.624105e-01 2.186377e-01 121 
1.610833e-01 2.250135e-01 122 
1.678266e-01 2.231929e-01 123 
1.665103e-01 2.214012e-01 124 
1.651828e-01 2.196313e-01 125 
1.638877e-01 2.257979e-01 126 
1.626079e-01 2.240301e-01 127 
1.613409e-01 2.222839e-01 128 
1.677691e-01 2.205672e-01 129 
1.665146e-01 2.188719e-01 130 
1.652475e-01 2.248130e-01 131 
1.640103e-01 2.231190e-01 132 
1.627874e-01 2.214466e-01 133 
1.615754e-01 2.197940e-01 134 
1.677168e-01 2.181718e-01 135 
1.665187e-01 2.239016e-01 136 
1.653065e-01 2.222710e-01 137 
1.641224e-01 2.206680e-01 138 
1.629513e-01 2.190833e-01 139 
1.617897e-01 2.175138e-01 140 
1.676694e-01 2.230498e-01 141 
1.665224e-01 2.214875e-01 142 
1.653606e-01 2.199405e-01 143 
1.642250e-01 2.184172e-01 144 
1.631016e-01 2.237874e-01 145 
1.619861e-01 2.222602e-01 146 
1.676263e-01 2.207549e-01 147 
1.665260e-01 2.259937e-01 148 
1.654104e-01 2.177916e-01 149 
1.643194e-01 2.229959e-01 150 
