1.160430e-01 -6.040750e-01 
1.272470e-01 -5.846930e-01 
1.267570e-01 -5.767680e-01 
1.301620e-01 -5.766130e-01 
1.261810e-01 -5.921330e-01 
1.189610e-01 -5.919060e-01 
1.275990e-01 -5.909210e-01 
1.259840e-01 -5.862890e-01 
1.096040e-01 -5.903670e-01 
1.170850e-01 -5.802230e-01 
1.299640e-01 -5.910390e-01 
1.282050e-01 -5.895240e-01 
1.239140e-01 -5.980910e-01 
1.049240e-01 -5.997980e-01 
1.207150e-01 -5.851190e-01 
1.229320e-01 -5.903280e-01 
-3.477500e-02 -1.117391e+00 
1.327320e-01 -8.163930e-01 
2.240690e-01 -4.388700e-02 
2.339030e-01 -3.717570e-01 
6.196700e-02 -1.124820e+00 
2.390700e-02 -7.828220e-01 
3.856500e-02 -2.818500e-02 
1.701420e-01 -3.976650e-01 
1.754100e-01 -1.149255e+00 
-5.357795e+00 -8.340160e-01 
-2.630595e+00 -2.198220e-01 
2.960922e+00 -1.427070e-01 
5.304850e+00 -6.756610e-01 
3.039163e+00 -1.278684e+00 
-2.389023e+00 -6.282290e-01 
-5.377839e+00 7.287200e-02 
-3.199766e+00 -4.528210e-01 
2.352451e+00 -1.147371e+00 
5.220650e+00 -8.416140e-01 
3.511756e+00 -1.347640e-01 
-1.782442e+00 4.219100e-02 
-5.264879e+00 -6.470140e-01 
-3.725590e+00 -1.102724e+00 
1.764357e+00 -5.717120e-01 
5.143264e+00 1.877740e-01 
3.907521e+00 -2.310940e-01 
-1.230761e+00 -1.112856e+00 
-5.062708e+00 -9.104140e-01 
-4.073632e+00 -2.512750e-01 
1.187392e+00 -2.093950e-01 
4.916827e+00 -6.780630e-01 
4.175202e+00 -1.140198e+00 
-5.620700e-01 -6.837520e-01 
-4.799720e+00 -1.340100e-02 
-4.350821e+00 -3.924660e-01 
5.189900e-01 -1.041386e+00 
4.654288e+00 -8.211670e-01 
4.463356e+00 -1.498750e-01 
2.294900e-02 -4.442700e-02 
-4.484636e+00 -5.967730e-01 
-4.622598e+00 -9.737460e-01 
-7.408000e-02 -6.016350e-01 
4.405893e+00 -1.627900e-02 
4.634748e+00 -2.424650e-01 
5.433410e-01 -1.003137e+00 
-4.127796e+00 -8.742750e-01 
-4.701257e+00 -2.848440e-01 
-6.152860e-01 -3.277010e-01 
4.044877e+00 -7.658410e-01 
4.677381e+00 -9.333450e-01 
1.096576e+00 -6.272700e-01 
-3.705108e+00 -1.681980e-01 
-4.765736e+00 -4.093150e-01 
-1.159839e+00 -9.000030e-01 
3.618189e+00 -7.395050e-01 
4.757310e+00 -2.221860e-01 
1.547964e+00 -2.287820e-01 
-3.268887e+00 -6.197570e-01 
-4.767258e+00 -7.808700e-01 
-1.592618e+00 -5.796610e-01 
3.220882e+00 -3.019440e-01 
4.714215e+00 -3.892330e-01 
1.887300e+00 -7.991980e-01 
-2.813622e+00 -7.486530e-01 
-4.642600e+00 -3.967760e-01 
-1.915600e+00 -4.734860e-01 
2.772276e+00 -7.262540e-01 
4.570104e+00 -7.134370e-01 
2.178480e+00 -5.623680e-01 
-2.351544e+00 -3.867870e-01 
-4.497504e+00 -4.888170e-01 
-2.212955e+00 -7.129450e-01 
2.292533e+00 -6.091340e-01 
4.406666e+00 -3.564440e-01 
2.386571e+00 -4.151120e-01 
-1.923424e+00 -6.049410e-01 
-4.277863e+00 -6.133970e-01 
-2.385886e+00 -5.611050e-01 
1.897173e+00 -5.212000e-01 
4.202236e+00 -5.543770e-01 
2.530804e+00 -6.071460e-01 
-1.502932e+00 -6.236600e-01 
-3.992035e+00 -5.058340e-01 
-2.500753e+00 -5.507560e-01 
1.484953e+00 -6.287370e-01 
3.918755e+00 -5.954800e-01 
2.597630e+00 -5.373890e-01 
-1.146976e+00 -5.093450e-01 
-3.681267e+00 -5.318330e-01 
-2.537864e+00 -6.025420e-01 
1.114132e+00 -5.704810e-01 
3.591770e+00 -5.023250e-01 
2.601785e+00 -4.956210e-01 
-7.977840e-01 -5.800150e-01 
-3.350691e+00 -5.742460e-01 
-2.510127e+00 -5.623790e-01 
7.988200e-01 -5.960350e-01 
3.285206e+00 -5.693070e-01 
2.573563e+00 -5.355060e-01 
-5.191000e-01 -5.589310e-01 
-2.980358e+00 -5.538420e-01 
-2.439879e+00 -5.605330e-01 
5.348400e-01 -5.749190e-01 
2.926906e+00 -5.618700e-01 
2.450307e+00 -5.418270e-01 
-3.072550e-01 -5.467820e-01 
-2.641377e+00 -5.489990e-01 
-2.314476e+00 -5.809090e-01 
3.209730e-01 -5.973060e-01 
2.585962e+00 -5.569870e-01 
2.298720e+00 -5.482190e-01 
-1.076980e-01 -5.509670e-01 
-2.298420e+00 -5.716520e-01 
-2.137205e+00 -5.719160e-01 
1.519980e-01 -5.818550e-01 
2.248158e+00 -5.695180e-01 
2.111089e+00 -5.546160e-01 
8.435000e-03 -5.450500e-01 
-1.971313e+00 -5.598960e-01 
-1.928348e+00 -5.819080e-01 
3.933100e-02 -5.699100e-01 
1.929947e+00 -5.418080e-01 
1.903766e+00 -5.526870e-01 
9.969100e-02 -5.600610e-01 
-1.659896e+00 -5.491670e-01 
-1.680944e+00 -5.699820e-01 
-1.767700e-02 -5.711300e-01 
1.625969e+00 -5.682780e-01 
1.673612e+00 -5.482310e-01 
1.474320e-01 -5.602700e-01 
-1.380088e+00 -5.690360e-01 
-1.449435e+00 -5.626450e-01 
-4.638700e-02 -5.384180e-01 
1.373007e+00 -5.693300e-01 
1.415834e+00 -5.746550e-01 
1.430340e-01 -5.650650e-01 
-1.118486e+00 -5.593770e-01 
-1.208930e+00 -5.735010e-01 
-5.155900e-02 -5.534060e-01 
1.134465e+00 -5.578030e-01 
1.177121e+00 -5.590990e-01 
1.250770e-01 -5.690120e-01 
-9.290890e-01 -5.624140e-01 
-9.695300e-01 -5.564700e-01 
-7.155000e-03 -5.893710e-01 
9.313520e-01 -5.751490e-01 
9.502970e-01 -5.493420e-01 
8.735800e-02 -5.480160e-01 
-7.452070e-01 -5.690880e-01 
-7.332960e-01 -5.712960e-01 
3.216900e-02 -5.506300e-01 
7.609560e-01 -5.625070e-01 
7.294970e-01 -5.658020e-01 
2.860600e-02 -5.691420e-01 
-5.779530e-01 -5.565950e-01 
-5.171880e-01 -5.710340e-01 
9.037800e-02 -5.759820e-01 
6.205920e-01 -5.722570e-01 
5.235700e-01 -5.617190e-01 
-3.236900e-02 -5.675600e-01 
-4.393970e-01 -5.689350e-01 
-3.164230e-01 -5.755590e-01 
1.638690e-01 -5.663100e-01 
4.772590e-01 -5.537390e-01 
3.276440e-01 -5.758730e-01 
-8.241500e-02 -5.617720e-01 
-3.381960e-01 -5.564830e-01 
-1.589800e-01 -5.715020e-01 
2.152320e-01 -5.603560e-01 
3.850080e-01 -5.603050e-01 
1.896730e-01 -5.586540e-01 
-1.470460e-01 -5.524410e-01 
-2.276590e-01 -5.654790e-01 
-2.561200e-02 -5.672850e-01 
2.622860e-01 -5.711570e-01 
3.087510e-01 -5.557040e-01 
5.270100e-02 -5.673500e-01 
-1.722790e-01 -5.620190e-01 
-1.550310e-01 -5.706490e-01 
1.075940e-01 -5.695460e-01 
3.033520e-01 -5.564140e-01 
2.193680e-01 -5.640870e-01 
-5.177900e-02 -5.706100e-01 
-2.148300e-01 -5.639310e-01 
-8.640200e-02 -5.529240e-01 
1.882890e-01 -5.595840e-01 
3.230690e-01 -5.717620e-01 
1.608990e-01 -5.660670e-01 
-1.266350e-01 -5.541350e-01 
-2.151300e-01 -5.645760e-01 
-2.842300e-02 -5.599250e-01 
2.486730e-01 -5.789500e-01 
3.186710e-01 -5.538300e-01 
9.111200e-02 -5.529800e-01 
-1.713240e-01 -5.610390e-01 
-2.034540e-01 -5.576020e-01 
2.646500e-02 -5.625880e-01 
2.787240e-01 -5.713700e-01 
2.949150e-01 -5.673740e-01 
5.364700e-02 -5.634940e-01 
-1.875990e-01 -5.725350e-01 
-1.812380e-01 -5.566880e-01 
8.016900e-02 -5.580530e-01 
3.013170e-01 -5.617890e-01 
2.630300e-01 -5.516180e-01 
7.060000e-03 -5.559720e-01 
-1.880970e-01 -5.651560e-01 
-1.574390e-01 -5.530480e-01 
1.188690e-01 -5.701210e-01 
