X Y 
0.196675 0.198391 
0.176636 0.181488 
0.174751 0.219422 
0.227637 0.270905 
0.285937 0.287792 
0.302499 0.294785 
0.285888 0.276423 
0.319394 0.300268 
0.323928 0.313691 
0.306489 0.304485 
0.304548 0.289517 
0.002360 0.033685 
0.012715 0.149329 
0.137017 0.146570 
0.146385 0.144561 
0.184660 0.175969 
0.195190 0.159649 
0.132868 0.135175 
0.133569 0.120752 
0.131599 0.137225 
0.167020 0.180144 
0.212199 0.195706 
0.175228 0.174898 
0.183682 0.186676 
0.190613 0.209167 
0.213648 0.184373 
0.164961 0.183263 
0.179416 0.204755 
0.156700 0.189545 
0.200886 0.212883 
0.211684 0.209307 
0.215468 0.206114 
0.164169 0.156320 
0.167947 0.149742 
0.137827 0.099281 
0.245038 0.245603 
0.210363 0.208546 
0.210794 0.196133 
0.211361 0.169480 
0.181180 0.185104 
0.007395 0.086301 
0.255957 0.195739 
0.183363 0.238904 
0.225406 0.218224 
0.221655 0.196520 
0.200277 0.217182 
0.300358 0.288952 
0.278737 0.272937 
0.327334 0.316272 
0.313545 0.353036 
0.342006 0.330140 
0.318038 0.317463 
0.311528 0.291567 
0.269025 0.263705 
0.234789 0.235629 
0.238030 0.237318 
0.242989 0.229636 
0.216682 0.215749 
0.206901 0.188689 
0.197229 0.197404 
0.209036 0.244446 
0.187966 0.211393 
0.209341 0.215094 
0.192580 0.121332 
0.175573 0.185893 
0.159278 0.160769 
0.152008 0.156755 
0.177332 0.165594 
0.183170 0.215285 
0.372260 0.379955 
0.353537 0.370591 
0.397555 0.355120 
0.357458 0.361872 
0.369567 0.324896 
0.306447 0.308591 
0.369766 0.347242 
0.352835 0.350858 
0.340920 0.361439 
0.347441 0.340215 
0.317224 0.310241 
0.301785 0.258819 
0.256297 0.250120 
0.264931 0.263242 
0.253075 0.254655 
0.285533 0.292532 
0.316974 0.319652 
0.327242 0.218722 
0.216137 0.230430 
0.209367 0.207909 
0.206873 0.200043 
0.218850 0.228043 
0.234819 0.228087 
0.233130 0.194245 
0.213161 0.220240 
0.208167 0.193818 
0.210737 0.195364 
0.171137 0.189513 
0.150542 0.237390 
0.212808 0.211053 
0.213193 0.201559 
0.181105 0.159113 
0.151096 0.144188 
0.168078 0.176719 
0.191413 0.193032 
0.189004 0.158942 
0.209526 0.185984 
0.196107 0.177849 
0.176346 0.164616 
0.276970 0.283353 
0.282665 0.253721 
0.307160 0.309057 
0.338804 0.309093 
0.291411 0.283217 
0.282867 0.286865 
0.287017 0.294751 
0.270786 0.283394 
0.264916 0.265422 
0.326238 0.343410 
0.325864 0.334696 
0.339761 0.322695 
0.307550 0.268519 
0.232607 0.195886 
0.200343 0.209019 
0.195870 0.189491 
0.185111 0.219753 
0.220945 0.204251 
0.220688 0.284707 
0.298445 0.271843 
0.285041 0.276296 
0.294831 0.291856 
0.308937 0.302165 
0.308366 0.332884 
0.323101 0.325033 
0.006512 0.138179 
0.129334 0.135265 
0.141647 0.120195 
0.167261 0.132852 
0.168792 0.190645 
0.197331 0.211133 
0.227654 0.231049 
0.251665 0.271966 
0.260638 0.262955 
0.258561 0.250033 
0.288857 0.294862 
0.310773 0.330076 
0.313953 0.256488 
0.238655 0.225513 
0.225483 0.244829 
0.238373 0.243404 
0.280004 0.248537 
0.215420 0.179645 
0.171130 0.197159 
0.215327 0.194193 
0.183798 0.149925 
0.156466 0.178739 
0.187275 0.178829 
0.151065 0.106743 
0.204629 0.195268 
0.210450 0.193824 
0.242604 0.233588 
0.235566 0.249715 
0.280574 0.304622 
0.292450 0.268060 
0.240248 0.254502 
0.273766 0.263798 
0.279174 0.271843 
0.257845 0.281231 
0.280729 0.282391 
0.278143 0.278642 
0.277183 0.276218 
0.263723 0.303175 
0.283712 0.207590 
0.204910 0.213221 
0.202862 0.206134 
0.197850 0.185815 
0.195341 0.206779 
0.198386 0.208074 
0.236905 0.209143 
0.195414 0.195178 
0.188189 0.192749 
0.167695 0.160389 
0.160670 0.140034 
0.199487 0.176680 
0.179278 0.154210 
0.154099 0.161788 
0.183351 0.225965 
0.226096 0.223816 
0.220461 0.246746 
0.233961 0.260645 
0.287807 0.319233 
0.272543 0.332139 
0.323590 0.393619 
0.392435 0.372307 
0.339147 0.324989 
0.331297 0.353684 
0.309727 0.312020 
0.253194 0.230151 
0.191264 0.252393 
0.252743 0.269248 
0.274662 0.324077 
0.360240 0.332337 
0.320521 0.319875 
0.317681 0.326976 
0.284558 0.288934 
0.326521 0.327205 
0.300277 0.288908 
0.373829 0.367985 
0.353344 0.385508 
0.384231 0.216936 
0.209565 0.163856 
0.147894 0.149242 
0.181725 0.194664 
0.178877 0.167853 
0.219526 0.223089 
0.223429 0.000604 
0.033609 0.123005 
0.111922 0.046811 
0.062069 0.110570 
0.172525 0.182905 
0.196544 0.244176 
0.255985 0.253224 
0.253508 0.271155 
0.261941 0.241167 
0.260907 0.262659 
0.242442 0.244253 
0.208476 0.200306 
0.196966 0.201769 
0.204241 0.201358 
0.208035 0.198317 
0.180358 0.207754 
0.185770 0.234013 
0.195678 0.196212 
0.225191 0.207913 
0.201043 0.183677 
0.188533 0.162639 
0.111293 0.100310 
0.101213 0.115608 
0.118641 0.119024 
0.116988 0.064326 
0.178249 0.156462 
0.164381 0.160490 
0.148010 0.156580 
0.150585 0.204688 
0.186798 0.143093 
0.142255 0.110540 
0.112445 0.164890 
0.188287 0.191589 
0.237538 0.230301 
0.241995 0.245678 
0.294106 0.000000 
0.257764 0.202962 
0.169164 0.193233 
0.200438 0.200252 
0.157952 0.094887 
0.121535 0.149582 
0.135804 0.083834 
0.158074 0.173800 
0.205884 0.200898 
0.212527 0.212134 
0.176167 0.209345 
0.199024 0.203918 
0.196615 0.234669 
0.241053 0.234200 
0.209623 0.208285 
0.208084 0.276254 
0.290403 0.298622 
0.298455 0.322601 
0.294725 0.318458 
0.357345 0.337643 
0.332949 0.353186 
0.347992 0.298219 
0.281987 0.220174 
0.223167 0.223958 
0.228167 0.216062 
0.227989 0.239699 
0.247801 0.242574 
0.246644 0.287100 
0.211482 0.233668 
0.223034 0.271938 
0.268959 0.288559 
0.268391 0.267290 
0.223340 0.168867 
0.177337 0.273960 
0.255568 0.255979 
0.246244 0.253150 
0.244743 0.248112 
0.223436 0.239263 
0.239912 0.218259 
0.206925 0.205002 
0.200482 0.195795 
0.134302 0.105265 
0.190466 0.236722 
0.246649 0.246906 
0.291213 0.296307 
0.303010 0.248475 
0.230368 0.218281 
0.211061 0.198209 
0.209208 0.163528 
0.176052 0.110778 
0.085668 0.128496 
0.100886 0.125644 
0.121471 0.084681 
0.152518 0.184300 
0.178831 0.184369 
0.175672 0.199473 
0.192515 0.208668 
0.209935 0.180038 
0.139875 0.200725 
0.200507 0.190547 
0.155425 0.171347 
0.186415 0.184944 
0.204989 0.198878 
0.212517 0.226389 
0.267613 0.256611 
0.273654 0.262376 
0.266845 0.271913 
0.284477 0.324153 
0.321513 0.316609 
0.317410 0.331113 
0.369243 0.341939 
0.344726 0.351399 
0.372946 0.354934 
0.317128 0.316261 
0.299040 0.292706 
0.278610 0.217220 
0.218275 0.231016 
0.239572 0.232974 
0.257320 0.206981 
0.267908 0.268852 
0.236932 0.260675 
0.187199 0.154885 
0.198899 0.218138 
0.214865 0.223280 
0.209198 0.205675 
0.229586 0.233289 
0.281496 0.281425 
0.311730 0.289836 
0.271621 0.289311 
0.299663 0.283959 
0.292359 0.286039 
0.290163 0.276537 
0.232206 0.220258 
0.233531 0.272774 
0.267897 0.263689 
0.246502 0.227722 
0.209856 0.231824 
0.215246 0.207982 
0.204916 0.213263 
0.238892 0.252081 
0.230076 0.223725 
0.223740 0.224822 
0.225873 0.214724 
0.216394 0.232136 
0.232878 0.221684 
0.238553 0.244891 
0.212325 0.194821 
0.207942 0.210672 
0.197422 0.168778 
0.161294 0.193911 
0.186706 0.170832 
0.199263 0.222413 
0.224271 0.292142 
0.276607 0.271166 
0.243952 0.256225 
0.250384 0.248188 
0.244593 0.248665 
0.272587 0.315630 
0.313591 0.298073 
0.304032 0.358140 
0.342093 0.329529 
0.331637 0.303062 
0.338811 0.295997 
0.278674 0.295680 
0.315462 0.270674 
0.255922 0.253253 
0.281509 0.266623 
0.245615 0.249955 
0.261354 0.251530 
0.267970 0.250004 
0.235751 0.216314 
0.208007 0.197279 
0.197154 0.184098 
0.160157 0.186663 
0.174563 0.253830 
0.266099 0.307608 
0.298091 0.284690 
0.267301 0.256826 
0.264370 0.216225 
0.220309 0.245300 
0.230497 0.294003 
0.277446 0.267184 
0.322055 0.339188 
0.350117 0.303487 
0.295531 0.272222 
0.282273 0.281451 
0.326758 0.302439 
0.285008 0.229424 
0.233514 0.234636 
0.270945 0.280465 
0.280309 0.278566 
0.268497 0.269660 
0.255654 0.236058 
0.223479 0.249902 
0.235076 0.225080 
0.259557 0.299829 
0.302040 0.330741 
0.299256 0.303346 
0.302699 0.291421 
0.246846 0.245323 
0.246914 0.299155 
0.299297 0.298467 
0.282772 0.304643 
0.308453 0.265499 
0.293978 0.289240 
0.292912 0.305250 
0.288402 0.345840 
0.370786 0.353371 
0.344027 0.366109 
0.330151 0.312367 
0.324163 0.343140 
0.334150 0.329833 
0.370675 0.343060 
0.335291 0.398449 
0.392285 0.335543 
0.361043 0.365225 
0.371705 0.396352 
0.410294 0.338156 
0.336325 0.358659 
0.322819 0.327776 
0.324787 0.279181 
0.274960 0.305504 
0.287921 0.277734 
0.281140 0.260498 
0.256240 0.279488 
0.260315 0.291977 
0.295052 0.249588 
0.283968 0.240140 
0.246501 0.248041 
0.270095 0.222540 
0.234177 0.238853 
0.232306 0.213637 
0.216628 0.222372 
0.234275 0.249584 
0.259825 0.260583 
0.245448 0.219940 
0.211057 0.200032 
0.214046 0.219428 
0.212271 0.243160 
0.276681 0.282475 
0.253345 0.257392 
0.239778 0.239463 
0.278645 0.245781 
0.245087 0.318366 
0.322983 0.327747 
0.299620 0.242884 
0.300127 0.300805 
0.297880 0.357987 
0.346998 0.345991 
0.352592 0.392597 
0.319395 0.282780 
0.278192 0.233184 
0.248883 0.249629 
0.244210 0.217428 
0.240557 0.261938 
0.163819 0.171249 
0.163517 0.149484 
0.161742 0.137751 
0.122033 0.171848 
0.181390 0.187997 
0.136104 0.135383 
0.141108 0.131807 
0.127165 0.125254 
0.155105 0.082673 
0.145852 0.110318 
0.170458 0.180216 
0.147092 0.180518 
0.143277 0.148282 
0.169022 0.182672 
0.162189 0.279422 
0.247576 0.198578 
0.210076 0.186237 
0.185962 0.150668 
0.174833 0.159964 
0.141650 0.120459 
0.118175 0.153970 
0.165710 0.245489 
0.229948 0.323748 
0.305895 0.293374 
0.302791 0.286209 
0.288273 0.273357 
0.275981 0.266690 
0.266994 0.209258 
0.200180 0.195773 
0.217782 0.220988 
0.243890 0.236378 
0.242456 0.258646 
0.261705 0.257317 
0.278584 0.249311 
0.241714 0.246572 
0.224894 0.000000 
