X Y 
0.164118 0.161729 
0.174399 0.188401 
0.138888 0.196408 
0.170339 0.170883 
0.144508 0.178393 
0.205531 0.246275 
0.255381 0.248785 
0.268845 0.272413 
0.307017 0.325542 
0.293627 0.285799 
0.292818 0.350735 
0.347058 0.375087 
0.374787 0.370700 
0.356825 0.361170 
0.411978 0.373569 
0.363937 0.406437 
0.402136 0.371751 
0.378431 0.327858 
0.322191 0.345107 
0.342112 0.309345 
0.297885 0.285951 
0.273583 0.283285 
0.256009 0.243966 
0.235455 0.247175 
0.242070 0.228507 
0.240157 0.256015 
0.258081 0.241365 
0.210336 0.183584 
0.197439 0.197717 
0.202811 0.186152 
0.175520 0.168353 
0.162150 0.174912 
0.243952 0.258361 
0.228655 0.265955 
0.262740 0.229505 
0.212509 0.226146 
0.230099 0.237805 
0.260712 0.299197 
0.306345 0.313505 
0.302841 0.253010 
0.242587 0.230489 
0.232141 0.225483 
0.145555 0.186016 
0.177712 0.166658 
0.162593 0.172374 
0.200315 0.217875 
0.002797 0.127130 
0.160798 0.131136 
0.152499 0.142755 
0.157684 0.178815 
0.155045 0.184770 
0.178649 0.177744 
0.173248 0.169963 
0.148008 0.180061 
0.202838 0.223821 
0.231571 0.228368 
0.228016 0.249872 
0.245948 0.210790 
0.208297 0.225242 
0.209713 0.204287 
0.210093 0.200877 
0.207675 0.197036 
0.183139 0.168799 
0.224847 0.232392 
0.242610 0.210482 
0.212271 0.188144 
0.189443 0.196174 
0.213235 0.190626 
0.220159 0.227118 
0.208468 0.203396 
0.200514 0.187181 
0.221622 0.195809 
0.215229 0.225411 
0.241500 0.219342 
0.236778 0.245863 
0.217590 0.161978 
0.289099 0.256348 
0.258696 0.216772 
0.159935 0.203636 
0.206501 0.223588 
0.215729 0.226487 
0.226195 0.252629 
0.249200 0.277130 
0.273435 0.276196 
0.254203 0.258881 
0.280943 0.264183 
0.259104 0.275669 
0.305548 0.292112 
0.349406 0.368866 
0.384499 0.284864 
0.297677 0.342160 
0.382540 0.357404 
0.378236 0.241647 
0.259357 0.314981 
0.329555 0.306212 
0.305575 0.300430 
0.296245 0.309495 
0.319244 0.344572 
0.350324 0.342659 
0.336111 0.344006 
0.337297 0.348096 
0.348036 0.351328 
0.351467 0.355639 
0.384182 0.393234 
0.302518 0.347225 
0.308514 0.311413 
0.287078 0.294566 
0.286344 0.286207 
0.324777 0.355592 
0.377747 0.358641 
0.362785 0.317073 
0.346700 0.326863 
0.316612 0.321566 
0.361435 0.347099 
0.356835 0.397211 
0.365286 0.384465 
0.496920 0.463662 
0.436222 0.392965 
0.362042 0.360364 
0.361162 0.384655 
0.387543 0.360099 
0.321062 0.326461 
0.344208 0.292589 
0.331215 0.379270 
0.385373 0.378059 
0.350198 0.346939 
0.298791 0.298705 
0.306904 0.317184 
0.371818 0.348046 
0.401581 0.349940 
0.356935 0.345388 
0.360693 0.357511 
0.362323 0.330776 
0.305257 0.250626 
0.203413 0.192066 
0.193169 0.168720 
0.150154 0.137554 
0.132363 0.153569 
0.158724 0.200392 
0.247710 0.301217 
0.331209 0.358817 
0.313386 0.330183 
0.295125 0.307708 
0.318777 0.375841 
0.407514 0.432361 
0.451094 0.384329 
0.346947 0.413599 
0.443319 0.465034 
0.441181 0.343102 
0.356817 0.353048 
0.396373 0.368084 
0.365221 0.349195 
0.348521 0.361396 
0.351885 0.383114 
0.358562 0.308646 
0.300257 0.315915 
0.385781 0.350029 
0.341053 0.328456 
0.365535 0.409669 
0.410349 0.377406 
0.383149 0.413054 
0.416468 0.412364 
0.359039 0.319604 
0.332191 0.343295 
0.364213 0.323486 
0.346117 0.331330 
0.314431 0.325292 
0.312680 0.304160 
0.364079 0.372511 
0.342397 0.327480 
0.337460 0.254239 
0.292363 0.305251 
0.307904 0.304815 
0.298512 0.288477 
0.316455 0.314289 
0.317851 0.334678 
0.336043 0.356513 
0.368493 0.318764 
0.312516 0.314313 
0.289066 0.291528 
0.348620 0.326675 
0.334636 0.312562 
0.292842 0.287177 
0.259228 0.253026 
0.222982 0.182858 
0.200892 0.007002 
0.000070 0.095434 
0.128977 0.194071 
0.191288 0.155162 
0.134945 0.134465 
0.102765 0.131439 
0.198039 0.245305 
0.246117 0.285034 
0.275832 0.269550 
0.255912 0.214292 
0.229201 0.220393 
0.214615 0.185205 
0.153394 0.147589 
0.141023 0.174515 
0.091561 0.044429 
0.029081 0.115734 
0.128007 0.128416 
0.115616 0.079121 
0.001561 0.050332 
0.151048 0.148172 
0.188339 0.225598 
0.258561 0.274045 
0.250403 0.262498 
0.215654 0.197343 
0.202240 0.211924 
0.233749 0.238921 
0.214159 0.196683 
0.141557 0.139065 
0.147289 0.194689 
0.207548 0.195646 
0.191261 0.257569 
0.295359 0.292877 
0.308401 0.263329 
0.275075 0.315554 
0.287735 0.248192 
0.268097 0.268441 
0.290812 0.298384 
0.328280 0.324669 
0.313788 0.354798 
0.362388 0.352830 
0.377897 0.381459 
0.376330 0.387873 
0.340446 0.287565 
0.224358 0.234350 
0.211646 0.212764 
0.215581 0.206782 
0.234355 0.237781 
0.263242 0.249445 
0.241816 0.226827 
0.218413 0.147984 
0.103918 0.099253 
0.108173 0.008515 
0.000095 0.048786 
0.121687 0.172384 
0.164206 0.093684 
0.137356 0.217831 
0.243163 0.251407 
0.252009 0.213938 
0.222030 0.237828 
0.257764 0.248797 
0.253391 0.242602 
0.245063 0.285662 
0.294716 0.336699 
0.350222 0.374473 
0.301922 0.332397 
0.331670 0.328618 
0.322185 0.243463 
0.239954 0.251474 
0.244556 0.223305 
0.212500 0.213801 
0.220971 0.218215 
0.210792 0.218495 
0.252650 0.305655 
0.327883 0.345602 
0.256817 0.285004 
0.233835 0.191817 
0.172205 0.219768 
0.267645 0.262404 
0.223565 0.210931 
0.161258 0.144348 
0.117572 0.156390 
0.178972 0.190086 
0.180469 0.194740 
0.174851 0.190983 
0.196473 0.266505 
0.268499 0.266739 
0.291025 0.289401 
0.273903 0.307007 
0.273205 0.239618 
0.229061 0.253739 
0.239431 0.225681 
0.189838 0.191684 
0.201482 0.203616 
0.190396 0.002914 
0.050179 0.049265 
0.082751 0.065769 
0.067743 0.060393 
0.121746 0.142990 
0.179337 0.171319 
0.148817 0.175261 
0.190251 0.191331 
0.184696 0.192569 
0.205663 0.203132 
0.198855 0.209707 
0.177149 0.172119 
0.157357 0.169895 
0.156351 0.172798 
0.153087 0.107705 
0.110195 0.081448 
0.052402 0.065287 
0.075284 0.140747 
0.149631 0.183834 
0.195370 0.137981 
0.138703 0.139413 
0.036872 0.106640 
0.103178 0.169301 
0.209052 0.226553 
0.226350 0.231772 
0.202943 0.227945 
0.204568 0.209484 
0.221055 0.211929 
0.234378 0.290234 
0.331340 0.328249 
0.349525 0.367391 
0.396202 0.318254 
0.289364 0.308174 
0.325983 0.345147 
0.343669 0.259685 
0.252759 0.270296 
0.263204 0.264463 
0.256258 0.263316 
0.222648 0.195747 
0.215336 0.210065 
0.218697 0.239478 
0.234426 0.217927 
0.208821 0.208355 
0.221608 0.221071 
0.233364 0.259827 
0.268890 0.301876 
0.323861 0.259152 
0.214714 0.167931 
0.166394 0.163136 
0.100181 0.148218 
0.135153 0.133953 
0.071456 0.069095 
0.069856 0.113399 
0.128484 0.135837 
0.150050 0.151368 
0.133947 0.161002 
0.163054 0.169449 
0.158387 0.189705 
0.208933 0.217359 
0.275531 0.287993 
0.233832 0.231033 
0.230727 0.237115 
0.259682 0.298187 
0.272726 0.280943 
0.316662 0.336336 
0.333947 0.282816 
0.271428 0.281916 
0.273378 0.290141 
0.280033 0.295733 
0.296461 0.299378 
0.287240 0.264321 
0.285270 0.289084 
0.293192 0.306484 
0.325318 0.341689 
0.302074 0.317606 
0.334559 0.365090 
0.396971 0.390857 
0.390128 0.403496 
0.369869 0.372424 
0.314359 0.314748 
0.230604 0.239043 
0.228087 0.280110 
0.300719 0.303468 
0.267106 0.262611 
0.240300 0.249980 
0.241942 0.248170 
0.235486 0.265604 
0.301578 0.294132 
0.290474 0.238823 
0.231126 0.196850 
0.227409 0.242595 
0.279711 0.337903 
0.331976 0.333729 
0.344954 0.003096 
0.145611 0.194349 
0.207459 0.228202 
0.222565 0.242926 
0.268858 0.179433 
0.230202 0.191047 
0.235795 0.277187 
0.345044 0.401908 
0.367397 0.365767 
0.324222 0.343719 
0.344947 0.345216 
0.328156 0.337270 
0.354914 0.340342 
0.388741 0.377087 
0.393206 0.421220 
0.395136 0.396158 
0.394852 0.375655 
0.363360 0.379339 
0.303935 0.310071 
0.293291 0.266294 
0.280590 0.239688 
0.225261 0.189646 
0.186089 0.183689 
0.189194 0.204924 
0.222082 0.171417 
0.161898 0.241139 
0.244483 0.245920 
0.232219 0.229780 
0.215034 0.199136 
0.196799 0.190195 
0.196425 0.213508 
0.192229 0.186992 
0.187485 0.152536 
0.135237 0.192103 
0.193633 0.227630 
0.215627 0.204616 
0.172838 0.181681 
0.183761 0.218960 
0.202213 0.174079 
0.158821 0.172977 
0.138907 0.119770 
0.102197 0.097512 
0.086102 0.080867 
0.090588 0.175287 
0.232897 0.223080 
0.236997 0.174694 
0.182890 0.157784 
0.003679 0.020338 
0.159396 0.195597 
0.142402 0.203801 
0.187811 0.188649 
0.173267 0.168400 
0.184135 0.189032 
0.185558 0.191942 
0.165407 0.190525 
0.197023 0.268698 
0.236275 0.250226 
0.252994 0.228408 
0.226544 0.226340 
0.197038 0.187051 
0.244149 0.183417 
0.189211 0.196788 
0.219874 0.204537 
0.208620 0.234634 
0.245282 0.224143 
0.223668 0.245634 
0.234643 0.221782 
0.259161 0.232848 
0.287839 0.257857 
0.236357 0.247910 
0.267726 0.270908 
0.254130 0.246636 
0.265550 0.234524 
0.236797 0.232811 
0.237705 0.231339 
0.266349 0.319203 
0.354423 0.296684 
0.309700 0.335149 
0.376577 0.408580 
0.346223 0.300644 
0.313249 0.270169 
0.267645 0.249160 
0.216913 0.193047 
0.186612 0.182574 
0.208588 0.216323 
0.217256 0.231884 
0.244803 0.262606 
0.275105 0.276891 
0.298054 0.321687 
0.307962 0.299751 
0.342184 0.387041 
0.359958 0.423315 
0.393860 0.378674 
0.387369 0.003423 
0.052603 0.067233 
0.099434 0.097294 
0.099776 0.076143 
0.081419 0.100912 
0.154498 0.116531 
0.133873 0.081166 
0.089877 0.093780 
0.176487 0.168752 
0.158063 0.191722 
0.182489 0.165309 
0.206534 0.208520 
0.180067 0.159943 
0.100464 0.061146 
0.114425 0.194970 
0.204789 0.214412 
0.215808 0.200197 
0.193319 0.265479 
0.326882 0.330651 
0.301588 0.269842 
0.269774 0.276721 
0.274348 0.264902 
0.232576 0.230297 
0.212637 0.236430 
0.229764 0.237386 
0.299827 0.304900 
0.237939 0.248694 
0.226467 0.208629 
0.210568 0.214198 
0.217373 0.204911 
0.192078 0.184566 
0.289994 0.281960 
0.264795 0.215229 
0.240488 0.247331 
0.266448 0.284246 
0.255624 0.204002 
0.155133 0.163917 
0.145245 0.179633 
0.163343 0.182341 
0.199200 0.205016 
0.205551 0.180881 
0.209951 0.171752 
0.168915 0.128620 
0.120924 0.113084 
0.088431 0.062791 
0.129995 0.166365 
0.171874 0.167473 
0.003299 0.096140 
0.157980 0.171778 
0.150276 0.109717 
0.158163 0.148404 
0.136222 0.144095 
0.152629 0.175308 
0.183193 0.149653 
0.148686 0.119921 
0.133698 0.165035 
0.159386 0.169799 
0.155710 0.114127 
0.138068 0.153465 
0.221518 0.216514 
0.220188 0.243792 
0.257717 0.259377 
0.247912 0.239698 
0.237400 0.258000 
0.234001 0.241773 
0.230165 0.224156 
0.228700 0.235613 
0.216793 0.175912 
0.199212 0.167716 
0.136094 0.130166 
0.133075 0.002941 
0.026532 0.057182 
0.089472 0.096309 
0.148193 0.111805 
0.149062 0.195969 
0.184354 0.195696 
0.213041 0.216507 
0.270474 0.263213 
0.242883 0.296052 
0.313655 0.323638 
0.323305 0.312884 
0.301933 0.302050 
0.303532 0.294439 
0.268618 0.261439 
0.280518 0.291766 
0.325658 0.326735 
0.361491 0.390146 
0.357618 0.396184 
0.423701 0.438671 
0.429977 0.389294 
0.394909 0.398859 
0.465620 0.352563 
0.361369 0.374104 
0.336199 0.003365 
0.107328 0.207535 
0.219001 0.207393 
0.196447 0.256104 
0.278461 0.280734 
0.267290 0.261318 
0.205078 0.176318 
0.185036 0.161178 
0.198451 0.235177 
0.290350 0.265351 
0.286457 0.275273 
0.262959 0.261180 
0.269607 0.260787 
0.259766 0.222850 
0.221801 0.245403 
0.206192 0.216226 
0.217986 0.272836 
0.334820 0.329018 
0.323336 0.342399 
0.349331 0.331103 
0.330545 0.333012 
0.312678 0.310104 
0.298172 0.302048 
0.294775 0.274460 
0.237320 0.255067 
0.237565 0.247549 
0.230867 0.248734 
0.294522 0.322925 
0.335643 0.332411 
0.374023 0.341751 
0.342128 0.327572 
0.276345 0.265551 
0.263112 0.249760 
0.215756 0.222908 
0.194468 0.189313 
0.175332 0.176426 
0.189165 0.217295 
0.208131 0.215989 
0.250211 0.245060 
0.243915 0.228258 
0.202510 0.211958 
0.218287 0.236367 
0.213641 0.202637 
0.204802 0.206796 
0.203882 0.207134 
0.296995 0.307433 
0.315611 0.331786 
0.003300 0.161139 
0.159998 0.149221 
0.138880 0.137214 
0.098406 0.073156 
0.142201 0.135642 
0.138718 0.118505 
0.141720 0.131036 
0.129109 0.128064 
0.141821 0.177438 
0.162436 0.240256 
0.222339 0.225417 
0.205156 0.196963 
0.204341 0.202308 
0.202277 0.207306 
0.195387 0.146266 
0.089313 0.083188 
0.067364 0.019410 
0.160322 0.142579 
0.199995 0.203934 
0.216950 0.197802 
0.188687 0.118984 
0.092280 0.128479 
0.118356 0.125314 
0.173244 0.004663 
0.171324 0.142357 
0.151355 0.111785 
0.145491 0.166551 
0.170147 0.141989 
0.066321 0.091255 
0.096460 0.171494 
0.223222 0.209857 
0.231271 0.224579 
0.235856 0.255816 
0.271060 0.315961 
0.270942 0.260980 
0.253790 0.259618 
0.306683 0.317057 
0.342874 0.312543 
0.313209 0.344018 
0.313929 0.313266 
0.324856 0.343238 
0.335350 0.315486 
0.327493 0.311610 
0.313208 0.305184 
0.310947 0.325730 
0.352228 0.337471 
0.327465 0.003168 
0.052585 0.217017 
0.211595 0.202670 
0.209916 0.257195 
0.316432 0.320923 
0.307868 0.257230 
0.207472 0.202689 
0.209643 0.215044 
0.195001 0.182950 
0.207368 0.199715 
0.214477 0.220978 
0.216736 0.200809 
0.225942 0.239642 
0.203648 0.203595 
0.199880 0.185514 
0.197016 0.201511 
0.177065 0.180828 
0.170474 0.151645 
0.144550 0.121933 
0.112008 0.159904 
0.186828 0.201084 
0.167648 0.220472 
0.257311 0.229243 
0.240242 0.233860 
0.234928 0.229079 
0.205421 0.201610 
0.197405 0.183547 
0.203637 0.221113 
0.247149 0.256432 
0.221332 0.205377 
0.194337 0.180949 
0.175027 0.243461 
0.223299 0.221528 
0.225169 0.222431 
0.183077 0.173748 
0.185359 0.183616 
0.213471 0.221362 
0.232913 0.220865 
0.173246 0.202867 
0.233815 0.206264 
0.195712 0.189945 
0.179957 0.177311 
0.151402 0.220419 
0.244472 0.238201 
0.232561 0.220358 
0.222441 0.221612 
0.237018 0.258932 
0.428861 0.405242 
0.375505 0.454792 
0.430565 0.459492 
0.402760 0.381946 
0.405623 0.352241 
0.307467 0.310010 
0.284767 0.345812 
0.330836 0.330662 
0.396736 0.398660 
0.372319 0.425741 
0.410379 0.338716 
0.319610 0.314796 
0.316883 0.315933 
0.335600 0.300696 
0.337133 0.323372 
0.325228 0.314851 
0.330883 0.309796 
0.347288 0.308668 
0.302189 0.319058 
0.312647 0.341174 
0.324264 0.306527 
0.287758 0.289526 
0.313932 0.326034 
0.309050 0.004414 
0.028117 0.033552 
0.066578 0.097418 
0.184236 0.155221 
0.143603 0.139083 
0.127556 0.147868 
0.197320 0.198999 
0.209088 0.215280 
0.206566 0.211581 
0.191280 0.197957 
0.199803 0.206977 
0.260717 0.273696 
0.300245 0.297869 
0.298093 0.269351 
0.242115 0.207150 
0.211835 0.204946 
0.206403 0.212211 
0.264169 0.279597 
0.284015 0.282982 
0.280846 0.299991 
0.285730 0.322347 
0.291322 0.287880 
0.268587 0.281073 
0.289491 0.003115 
0.103573 0.109868 
0.104470 0.114411 
0.174682 0.171758 
0.156274 0.157590 
0.192444 0.189750 
0.215080 0.240035 
0.255087 0.252375 
0.253077 0.269835 
0.230393 0.223071 
0.230982 0.226519 
0.218227 0.207363 
0.210758 0.189048 
0.196370 0.211253 
0.203597 0.252590 
0.251876 0.252053 
0.250988 0.235693 
0.268427 0.279665 
0.332208 0.354602 
0.354952 0.359411 
0.335628 0.376342 
0.380631 0.318327 
0.312576 0.350974 
0.372980 0.415078 
0.265287 0.274481 
0.310578 0.309332 
0.234633 0.193402 
0.173778 0.195220 
0.200378 0.238994 
0.258103 0.256697 
0.240516 0.209929 
0.182344 0.207359 
0.251366 0.236504 
0.206470 0.209061 
0.208355 0.189499 
0.186418 0.230168 
0.181402 0.219332 
0.239196 0.282385 
0.300977 0.299727 
0.292153 0.273975 
0.269578 0.204238 
0.206877 0.218557 
0.216562 0.258449 
0.252681 0.277461 
0.285134 0.278786 
0.302600 0.306783 
0.343888 0.359085 
0.307749 0.325603 
0.294902 0.305152 
0.267052 0.254541 
0.258437 0.252669 
0.253360 0.260677 
0.258290 0.264541 
0.275250 0.275821 
0.273186 0.255553 
0.244780 0.256494 
0.258690 0.257174 
0.258852 0.258073 
0.258639 0.255358 
0.245991 0.200759 
0.229519 0.229920 
0.224722 0.229463 
0.199689 0.211673 
0.210666 0.206820 
0.186900 0.216874 
0.233212 0.222422 
0.214750 0.251452 
0.228496 0.230824 
0.261517 0.249490 
0.247941 0.254083 
0.230258 0.003904 
0.067215 0.030442 
0.071782 0.109750 
0.171890 0.170420 
0.148028 0.133821 
0.147355 0.138692 
0.140778 0.147913 
0.140724 0.154220 
0.150501 0.156943 
0.184605 0.195447 
0.208471 0.223888 
0.275182 0.231104 
0.289916 0.291316 
0.332869 0.319977 
0.337174 0.328122 
0.353300 0.348235 
0.308522 0.278368 
0.294034 0.299679 
0.288125 0.263994 
0.245912 0.262237 
0.253995 0.234540 
0.229035 0.198071 
0.155274 0.161503 
0.182062 0.002447 
0.051655 0.035300 
0.081663 0.124244 
0.127728 0.064624 
0.121278 0.101703 
0.076433 0.040422 
0.079136 0.079131 
0.046299 0.122562 
0.100812 0.120317 
0.115835 0.116112 
0.072595 0.097816 
0.095680 0.147949 
0.195898 0.175151 
0.143774 0.125607 
0.109459 0.115802 
0.081787 0.127765 
0.107234 0.114605 
0.154447 0.158595 
0.169627 0.225575 
0.196905 0.202404 
0.213480 0.221794 
0.206682 0.230874 
0.222671 0.224312 
0.216966 0.208409 
0.229041 0.271955 
0.237772 0.224184 
0.211026 0.251748 
0.270391 0.259152 
0.247445 0.252078 
0.275316 0.271363 
0.263333 0.238843 
0.274546 0.287986 
0.283614 0.270026 
0.276937 0.254822 
0.201034 0.196260 
0.217119 0.255441 
0.255242 0.257797 
0.231186 0.180661 
0.183095 0.186272 
0.165439 0.169680 
0.171282 0.218478 
0.208167 0.203725 
0.206925 0.216806 
0.199813 0.184055 
0.187445 0.193492 
0.180437 0.196093 
0.222108 0.226672 
0.255818 0.253247 
0.237457 0.277051 
0.291192 0.260703 
0.257299 0.271199 
0.265335 0.253538 
0.214182 0.191293 
0.197696 0.187291 
0.208698 0.257909 
0.255984 0.239119 
0.239063 0.213857 
0.204191 0.199317 
0.199232 0.204525 
0.178106 0.156384 
0.153892 0.136097 
0.189852 0.206833 
0.220529 0.213172 
0.204380 0.210540 
0.206387 0.217558 
0.178031 0.157657 
0.159505 0.167980 
0.175808 0.184103 
0.188981 0.159014 
0.198511 0.189986 
0.191664 0.003269 
0.147526 0.154734 
0.134819 0.150246 
0.123636 0.160950 
0.196470 0.180935 
0.189110 0.219224 
0.216711 0.241765 
0.252773 0.222661 
0.222198 0.214631 
0.264283 0.163924 
0.132218 0.193390 
0.193774 0.237252 
0.238592 0.237450 
0.279261 0.297251 
0.300717 0.294973 
0.277038 0.275528 
0.312005 0.361679 
0.366414 0.351071 
0.393843 0.399426 
0.417372 0.486971 
0.498426 0.423137 
0.404192 0.390538 
0.293308 0.263019 
0.288606 0.003286 
0.233033 0.271712 
0.270495 0.272630 
0.278030 0.261403 
0.297176 0.293165 
0.252747 0.241026 
0.278056 0.273008 
0.303525 0.297341 
0.264011 0.234465 
0.224682 0.182557 
0.168819 0.167720 
0.211280 0.199435 
0.181697 0.134065 
0.110483 0.091225 
0.106047 0.122928 
0.086915 0.112976 
0.106266 0.122809 
0.137514 0.137740 
0.098636 0.105743 
0.093279 0.113515 
0.089088 0.097582 
0.098992 0.141323 
0.163422 0.122620 
0.113069 0.108009 
0.161742 0.132474 
0.123047 0.140884 
0.140025 0.170063 
0.147578 0.154549 
0.176827 0.190865 
0.178097 0.199594 
0.196523 0.193421 
0.206686 0.207330 
0.222574 0.236253 
0.237297 0.244878 
0.238684 0.203675 
0.196500 0.201044 
0.188346 0.218298 
0.226448 0.186802 
0.193416 0.258520 
0.280520 0.283485 
0.269536 0.279740 
0.270348 0.224345 
0.220999 0.244702 
0.269919 0.290172 
0.305036 0.318236 
0.316384 0.256819 
0.272897 0.271367 
0.198231 0.217830 
0.226867 0.214111 
0.187055 0.160970 
0.188307 0.208535 
0.200323 0.203272 
0.215776 0.186020 
0.189283 0.188740 
0.239864 0.226316 
0.236544 0.241016 
0.222074 0.234015 
0.232224 0.233820 
0.254802 0.293100 
0.296626 0.243268 
0.258079 0.267528 
0.217145 0.227146 
0.175707 0.253034 
0.249303 0.248917 
0.257028 0.269638 
0.277063 0.281846 
0.275926 0.262580 
0.252882 0.255692 
0.220297 0.215961 
0.175621 0.173154 
0.123643 0.000000 
0.243878 0.236484 
0.255414 0.254667 
0.257733 0.216243 
0.167282 0.200410 
0.253653 0.259886 
0.290043 0.289318 
0.299597 0.296131 
0.283379 0.317492 
0.328579 0.371134 
0.380920 0.387250 
0.331724 0.335482 
0.329245 0.343769 
0.331329 0.309568 
0.259721 0.301013 
0.308642 0.269567 
0.257813 0.257374 
0.262358 0.258957 
0.255136 0.275315 
0.264909 0.276029 
0.284546 0.284126 
0.272868 0.255329 
0.255730 0.277182 
0.272748 0.269805 
0.257075 0.244283 
0.246453 0.202519 
0.213212 0.187730 
0.159228 0.132636 
0.139036 0.146915 
0.216904 0.217341 
0.223760 0.230097 
0.222142 0.227806 
0.194458 0.191974 
0.209571 0.233288 
0.252616 0.271394 
0.316368 0.335099 
0.315736 0.300325 
0.320642 0.313894 
0.289551 0.301932 
0.254484 0.250599 
0.198558 0.228769 
0.243880 0.239756 
0.274040 0.316523 
0.336089 0.320605 
0.321112 0.320701 
0.321472 0.303127 
0.314335 0.271146 
0.217709 0.238314 
0.237065 0.305717 
0.305343 0.258659 
0.267718 0.227613 
0.225181 0.225590 
0.271043 0.179700 
0.212944 0.217666 
0.270515 0.232638 
0.228031 0.203675 
0.203295 0.211343 
0.191304 0.178112 
0.187092 0.174058 
0.176729 0.109220 
0.099267 0.050697 
0.067493 0.183097 
0.204891 0.196162 
0.203490 0.208215 
0.263158 0.245011 
0.241629 0.276933 
0.326537 0.341521 
0.275856 0.269401 
0.291481 0.256419 
0.227653 0.212523 
0.230248 0.236497 
0.293710 0.241666 
0.252041 0.271451 
0.234545 0.201390 
0.202678 0.211844 
0.225532 0.236157 
0.244068 0.330123 
0.365600 0.352502 
0.377560 0.320335 
0.331378 0.340331 
0.345799 0.333350 
0.268270 0.291876 
0.337773 0.343999 
0.341862 0.360008 
0.342427 0.270849 
0.262314 0.241350 
0.265148 0.258617 
0.275195 0.282963 
0.310279 0.287887 
0.221005 0.216402 
0.226536 0.237859 
0.233295 0.251464 
0.248449 0.210743 
0.208621 0.240929 
0.248653 0.230491 
0.227989 0.242416 
0.238935 0.231689 
0.216330 0.209513 
0.204484 0.157590 
0.148258 0.156514 
0.150893 0.163632 
0.151735 0.134819 
0.171212 0.131633 
0.077186 0.080119 
0.064659 0.063658 
0.063839 0.068616 
0.227080 0.215948 
0.237923 0.246390 
0.277507 0.267359 
0.287836 0.243183 
0.231459 0.226552 
0.232671 0.250760 
0.264320 0.204347 
0.207300 0.181800 
0.173043 0.171254 
0.138646 0.169850 
0.184712 0.184373 
0.179891 0.172803 
0.162217 0.141602 
0.231713 0.222371 
0.214422 0.223975 
0.289950 0.286529 
0.277363 0.273038 
0.265950 0.264454 
0.251059 0.237932 
0.218403 0.220593 
0.221380 0.180699 
0.175187 0.191657 
0.169028 0.167081 
0.111213 0.123461 
0.158057 0.156387 
0.178648 0.191999 
0.172003 0.148421 
0.208259 0.207216 
0.213769 0.230240 
0.232587 0.201527 
0.200697 0.192619 
0.218508 0.219569 
0.215827 0.202110 
0.176760 0.173453 
0.206112 0.207108 
0.252738 0.243190 
0.218913 0.228013 
0.229420 0.261846 
0.265475 0.235773 
0.236707 0.229414 
0.235752 0.251495 
0.275115 0.201039 
0.245715 0.249131 
0.238624 0.239079 
0.243754 0.244458 
0.274679 0.276150 
0.268932 0.187338 
0.181703 0.196667 
0.204383 0.250343 
0.267712 0.317747 
0.318836 0.312240 
0.308229 0.333350 
0.318073 0.318403 
0.291258 0.289411 
0.287962 0.259418 
0.263479 0.265911 
0.222257 0.225940 
0.191463 0.183362 
0.176711 0.183109 
0.216580 0.188533 
0.195630 0.191251 
0.182093 0.195335 
0.188881 0.170099 
0.175678 0.249188 
0.263658 0.281647 
0.272444 0.292923 
0.287489 0.303414 
0.270396 0.270980 
0.275969 0.285867 
0.290949 0.268662 
0.279676 0.214364 
0.216292 0.219539 
0.245503 0.269834 
0.267781 0.188239 
0.220817 0.248617 
0.249983 0.230529 
0.221858 0.181850 
0.166237 0.204604 
0.201790 0.221049 
0.231052 0.206030 
0.198243 0.216536 
0.202930 0.232325 
0.231407 0.285595 
0.309652 0.319805 
0.345874 0.312431 
0.275017 0.225914 
0.226654 0.275729 
0.282239 0.289473 
0.281883 0.298817 
0.300189 0.288891 
0.278513 0.261869 
0.252417 0.265187 
0.308503 0.331395 
0.307845 0.241451 
0.266516 0.322015 
0.336123 0.311388 
0.294939 0.288973 
0.331904 0.321522 
0.353384 0.386900 
0.284097 0.285254 
0.323983 0.328003 
0.341064 0.318173 
0.320839 0.321816 
0.281270 0.281812 
0.242702 0.203970 
0.198142 0.232292 
0.221160 0.176911 
0.184200 0.177738 
0.170315 0.160804 
0.176990 0.146149 
0.138357 0.116096 
0.141152 0.146823 
0.142617 0.203098 
0.217439 0.220768 
0.221982 0.219112 
0.222889 0.194978 
0.148605 0.132569 
0.099857 0.140453 
0.166296 0.198459 
0.184109 0.158644 
0.219331 0.211694 
0.211696 0.203588 
0.180155 0.181163 
0.169377 0.195718 
0.205705 0.211328 
0.176933 0.158861 
0.136674 0.190467 
0.191295 0.181584 
0.124563 0.094930 
0.134971 0.197973 
0.183582 0.166212 
0.170600 0.173554 
0.160536 0.181052 
0.173701 0.157416 
0.138639 0.117074 
0.138857 0.185923 
0.231992 0.259467 
0.330057 0.355364 
0.350250 0.334726 
0.325797 0.311853 
0.316795 0.306678 
0.303908 0.308008 
0.269447 0.323042 
0.334805 0.343828 
0.329732 0.335340 
0.307779 0.321227 
0.273424 0.269241 
0.243705 0.225648 
0.256777 0.175297 
0.153457 0.138965 
0.119966 0.141294 
0.097494 0.100445 
0.071768 0.027671 
0.096476 0.095536 
0.003662 0.081416 
0.082785 0.067755 
0.138658 0.113307 
0.116740 0.131902 
0.149720 0.095321 
0.101121 0.049043 
0.094156 0.149380 
0.129085 0.166817 
0.115374 0.176568 
0.216515 0.219715 
0.229363 0.229464 
0.231242 0.251359 
0.254737 0.254106 
0.250604 0.241488 
0.252637 0.319120 
0.307716 0.334223 
0.316474 0.345681 
0.357878 0.350896 
0.330521 0.265286 
0.268858 0.263594 
0.257152 0.271760 
0.256958 0.310913 
0.363551 0.293447 
0.297762 0.287761 
0.325811 0.247783 
0.231293 0.209409 
0.191074 0.146809 
0.270402 0.280158 
0.282693 0.262369 
0.264356 0.248774 
0.247462 0.238307 
0.226609 0.237575 
0.216905 0.230526 
0.251784 0.261189 
0.266893 0.262234 
0.229869 0.217185 
0.226050 0.312885 
0.293036 0.296211 
0.273556 0.262445 
0.287511 0.314635 
0.318658 0.320981 
0.367107 0.354920 
0.317091 0.342913 
0.346349 0.320900 
0.323263 0.349112 
0.443713 0.429514 
0.287931 0.281615 
0.288586 0.281107 
0.230447 0.235489 
0.236734 0.231504 
0.225682 0.219248 
0.209356 0.244560 
0.214551 0.205421 
0.200705 0.206968 
0.228935 0.211626 
0.210610 0.209918 
0.221935 0.219121 
0.220470 0.218578 
0.192382 0.206003 
0.219367 0.233850 
0.254609 0.252840 
0.238652 0.229737 
0.225675 0.234867 
0.223579 0.251966 
0.241192 0.233320 
0.245587 0.266182 
0.257310 0.317561 
0.291103 0.283334 
0.292486 0.293285 
0.310786 0.298786 
0.297144 0.302456 
0.289071 0.279799 
0.292945 0.288662 
0.275401 0.185704 
0.218050 0.249307 
0.208770 0.216635 
0.220943 0.196746 
0.195536 0.211437 
0.214957 0.215026 
0.192012 0.220043 
0.226583 0.218783 
0.206310 0.206960 
0.275313 0.278212 
0.270919 0.244817 
0.229531 0.234296 
0.238822 0.219328 
0.164697 0.185805 
0.199362 0.224224 
0.260023 0.259751 
0.253973 0.332682 
0.316662 0.316116 
0.329363 0.354458 
0.414707 0.360077 
0.357532 0.318193 
0.335378 0.324819 
0.310972 0.311054 
0.322379 0.351518 
0.332114 0.318438 
0.322201 0.326871 
0.353881 0.305736 
0.331419 0.317505 
0.299913 0.284521 
0.292757 0.302614 
0.300237 0.291897 
0.255535 0.231244 
0.221598 0.204145 
0.278072 0.328342 
0.377642 0.358520 
0.360232 0.383819 
0.403971 0.349733 
0.378922 0.350628 
0.386119 0.389058 
0.384555 0.384171 
0.356854 0.344771 
0.339233 0.345826 
0.355811 0.323758 
0.409425 0.383131 
0.372729 0.371134 
0.366275 0.358108 
0.317963 0.284042 
0.293168 0.298802 
0.296443 0.240357 
0.259315 0.305088 
0.308621 0.277119 
0.263486 0.272878 
0.257107 0.248486 
0.231756 0.245694 
0.233770 0.265386 
0.293979 0.295664 
0.299389 0.316180 
0.314517 0.327456 
0.314125 0.304906 
0.309137 0.302054 
0.263126 0.262997 
0.272989 0.297986 
0.267010 0.203249 
0.239560 0.283712 
0.295156 0.285551 
0.270179 0.289303 
0.322742 0.359141 
0.383104 0.344873 
0.349753 0.356466 
0.275665 0.278568 
0.258324 0.247723 
0.252436 0.258917 
0.225159 0.223962 
0.246455 0.252063 
0.253260 0.256153 
0.246008 0.239027 
0.235210 0.246119 
0.251104 0.250254 
0.246506 0.234474 
0.240547 0.242392 
0.234481 0.243977 
0.242070 0.248062 
0.268998 0.248548 
0.267735 0.281588 
0.264357 0.260537 
0.303288 0.289885 
0.272854 0.276383 
0.244129 0.215976 
0.254112 0.243197 
0.238464 0.245498 
0.283440 0.267438 
0.269466 0.255259 
0.250074 0.235845 
0.238083 0.240177 
0.258768 0.219157 
0.243478 0.248023 
0.255259 0.281776 
0.241132 0.212284 
0.237600 0.217535 
0.211776 0.188589 
0.194589 0.193677 
0.200148 0.201236 
0.178164 0.178860 
0.195783 0.157238 
0.184562 0.192517 
0.203326 0.215121 
0.213438 0.224198 
0.227753 0.200009 
0.194604 0.194257 
0.236784 0.220608 
0.244384 0.239846 
0.351325 0.352758 
0.402210 0.359610 
0.371678 0.387300 
0.343818 0.332214 
0.326642 0.336692 
0.350935 0.402352 
0.286562 0.323467 
0.328899 0.348010 
0.321661 0.354660 
0.369784 0.363914 
0.294949 0.287743 
0.279620 0.324702 
0.315341 0.312331 
0.296753 0.293545 
0.302825 0.293720 
0.297631 0.287002 
0.291442 0.291975 
0.299244 0.291453 
0.316586 0.301150 
0.317893 0.301736 
0.303528 0.298915 
0.295920 0.308952 
0.306557 0.271081 
0.280699 0.273063 
0.289545 0.325459 
0.392340 0.369438 
0.382390 0.363830 
0.358385 0.335682 
0.333566 0.344803 
0.344671 0.378770 
0.371880 0.357860 
0.349225 0.344493 
0.340458 0.319318 
0.300431 0.323092 
0.293302 0.281731 
0.276383 0.268398 
0.275672 0.288776 
0.264676 0.252315 
0.254195 0.258918 
0.268133 0.265274 
0.257025 0.254960 
0.250268 0.265413 
0.280360 0.270807 
0.249658 0.243442 
0.227006 0.232078 
0.237055 0.252365 
0.249269 0.280595 
0.262219 0.234361 
0.200764 0.248685 
0.242961 0.217929 
0.206068 0.222776 
0.189369 0.237103 
0.221608 0.239260 
0.172073 0.222714 
0.178142 0.162727 
0.189234 0.171156 
0.196181 0.192351 
0.198917 0.177894 
0.222874 0.205830 
0.211669 0.205135 
0.204733 0.236457 
0.218923 0.212430 
0.222074 0.205671 
0.182948 0.182751 
0.205773 0.239790 
0.231844 0.235380 
0.163786 0.201323 
0.201613 0.192973 
0.309193 0.342120 
0.351459 0.385969 
0.389065 0.329832 
0.302379 0.295216 
0.300930 0.285307 
0.303684 0.319681 
0.301828 0.308581 
0.314933 0.323850 
0.270275 0.231582 
0.195832 0.180694 
0.187296 0.173354 
0.185622 0.195151 
0.166176 0.161417 
0.196338 0.197106 
0.141212 0.097812 
0.150410 0.212792 
0.165172 0.191065 
0.225447 0.253210 
0.264012 0.265324 
0.273395 0.247392 
0.247385 0.225527 
0.216052 0.210178 
0.209424 0.192000 
0.173492 0.154041 
0.176730 0.180145 
0.192974 0.160734 
0.119314 0.170048 
0.158173 0.157713 
0.127932 0.098996 
0.127386 0.135492 
0.166668 0.161206 
0.186732 0.204388 
0.245152 0.207932 
0.196263 0.199553 
0.247485 0.236529 
0.238030 0.262780 
0.257721 0.235470 
0.221013 0.217254 
0.210873 0.213539 
0.174822 0.180687 
0.216234 0.121477 
0.216003 0.218513 
0.243525 0.242424 
0.230043 0.219795 
0.247110 0.252421 
0.245158 0.226239 
0.236820 0.272359 
0.184690 0.189295 
0.177221 0.178395 
0.171728 0.147900 
0.133694 0.164190 
0.189862 0.192592 
0.200106 0.236597 
0.193929 0.183184 
0.174841 0.140107 
0.113603 0.089167 
0.134033 0.169684 
0.147445 0.116400 
0.117994 0.110944 
0.224755 0.258396 
0.255495 0.273086 
0.275846 0.276794 
0.260111 0.231806 
0.205416 0.202252 
0.239283 0.205748 
0.178889 0.157749 
0.158788 0.156980 
0.126968 0.146562 
0.154291 0.169893 
0.176753 0.174539 
0.187250 0.146785 
0.154594 0.149698 
0.155544 0.153980 
0.133212 0.136099 
0.183144 0.200511 
0.196756 0.241082 
0.248784 0.252668 
0.243090 0.243681 
0.273851 0.297126 
0.255106 0.228661 
0.214591 0.206334 
0.225106 0.219502 
0.223345 0.229272 
0.227530 0.253641 
0.245755 0.231725 
0.221504 0.229440 
0.223756 0.234961 
0.208023 0.228739 
0.181212 0.173409 
0.187764 0.199062 
0.255436 0.233245 
0.206349 0.228466 
0.205937 0.232664 
0.142161 0.129659 
0.137039 0.114211 
0.117154 0.255155 
0.219293 0.192884 
0.199858 0.188772 
0.168612 0.237381 
0.260724 0.274701 
0.304078 0.313384 
0.312124 0.308304 
0.318939 0.292747 
0.286713 0.303802 
0.318770 0.296401 
0.226846 0.245998 
0.276207 0.271602 
0.258891 0.236047 
0.249509 0.225427 
0.228577 0.241015 
0.260006 0.286358 
0.266750 0.268518 
0.286713 0.275317 
0.256830 0.261731 
0.296170 0.264054 
0.244240 0.252969 
0.265105 0.258561 
0.259811 0.276577 
0.288603 0.278783 
0.268965 0.246883 
0.267834 0.285098 
0.278831 0.342853 
0.340646 0.350177 
0.318369 0.291498 
0.252829 0.240852 
0.188195 0.218254 
0.180774 0.174969 
0.140595 0.193305 
0.202078 0.161054 
0.117221 0.094137 
0.124738 0.130386 
0.144738 0.215383 
0.222497 0.225807 
0.249885 0.205544 
0.242931 0.254679 
0.202152 0.212087 
0.170074 0.243719 
0.251997 0.222049 
0.231287 0.252606 
0.164000 0.070099 
0.075474 0.073762 
0.081127 0.296015 
0.271092 0.271185 
0.293834 0.298385 
0.303249 0.329044 
0.327490 0.321790 
0.313006 0.315079 
0.288283 0.283087 
0.267362 0.261362 
0.225140 0.239249 
0.236955 0.273935 
0.346337 0.325639 
0.332664 0.342057 
0.295615 0.258555 
0.260426 0.248941 
0.226708 0.253583 
0.248148 0.258683 
0.240553 0.246813 
0.233635 0.262500 
0.263599 0.238300 
0.189686 0.172978 
0.148466 0.171659 
0.221265 0.212170 
0.228683 0.231832 
0.190755 0.187517 
0.142378 0.140289 
0.154805 0.166543 
0.173805 0.202095 
0.184929 0.202334 
0.258929 0.305342 
0.339231 0.339335 
0.335177 0.336500 
0.296672 0.283841 
0.310340 0.305958 
0.290134 0.289571 
0.257449 0.325227 
0.305984 0.279015 
0.260607 0.241722 
0.230876 0.230117 
0.218189 0.204947 
0.159334 0.156715 
0.162487 0.178578 
0.124368 0.158221 
0.136116 0.123718 
0.121303 0.165827 
0.160023 0.176948 
0.103029 0.154618 
0.099908 0.152714 
0.147789 0.163961 
0.157940 0.144440 
0.134256 0.100503 
0.114831 0.141703 
0.149047 0.093858 
0.040749 0.040877 
0.097042 0.129671 
0.091886 0.086236 
0.100941 0.107332 
0.055002 0.066843 
0.125162 0.168499 
0.163176 0.179332 
0.179804 0.142173 
0.145123 0.164887 
0.173317 0.178629 
0.195154 0.246548 
0.251999 0.232259 
0.242378 0.277877 
0.306288 0.279046 
0.262549 0.234419 
0.225504 0.228411 
0.268338 0.226874 
0.227850 0.253452 
0.252380 0.274709 
0.273137 0.278953 
0.309165 0.361369 
0.331148 0.319248 
0.313338 0.345987 
0.343184 0.316124 
0.275553 0.256350 
0.234604 0.258925 
0.241959 0.235129 
0.232464 0.231430 
0.241640 0.197383 
0.215245 0.224189 
0.198241 0.230212 
0.196538 0.235203 
0.260338 0.245883 
0.210683 0.199787 
0.188194 0.118259 
0.111533 0.178209 
0.187992 0.206048 
0.232008 0.193849 
0.204456 0.198397 
0.225345 0.205399 
0.196478 0.185079 
0.122316 0.225025 
0.227308 0.212624 
0.193903 0.257068 
0.238831 0.238149 
0.262907 0.265560 
0.256138 0.193857 
0.180310 0.191938 
0.230352 0.290401 
0.297801 0.317767 
0.277196 0.295613 
0.300873 0.328632 
0.350524 0.357269 
0.329337 0.342621 
0.298563 0.299481 
0.307518 0.298011 
0.291568 0.208188 
0.217550 0.210410 
0.225146 0.205984 
0.169061 0.204292 
0.243292 0.252232 
0.267497 0.387112 
0.437259 0.295237 
0.222881 0.262803 
0.259052 0.207675 
0.178005 0.182226 
0.164472 0.204934 
0.203483 0.221353 
0.272297 0.260038 
0.230275 0.251698 
0.246492 0.214774 
0.184708 0.170446 
0.138561 0.227968 
0.216873 0.270016 
0.268087 0.250346 
0.253929 0.253457 
0.224395 0.219293 
0.212491 0.204159 
0.200990 0.209229 
0.271012 0.291388 
0.308325 0.314630 
0.312765 0.312257 
0.275829 0.238691 
0.281250 0.302918 
0.238265 0.204558 
0.223662 0.201812 
0.201096 0.223479 
0.219541 0.235869 
0.242156 0.240231 
0.226214 0.312427 
0.325459 0.314437 
0.340653 0.330902 
0.320430 0.321315 
0.320146 0.310456 
0.273042 0.312164 
0.319695 0.312173 
0.257280 0.291530 
0.268994 0.256010 
0.240714 0.303237 
0.266748 0.276330 
0.264777 0.256445 
0.282335 0.294359 
0.295692 0.288966 
0.284806 0.289136 
0.282951 0.240954 
0.238287 0.259862 
0.268539 0.271503 
0.354504 0.368625 
0.376726 0.377770 
0.378226 0.435217 
0.438397 0.331289 
0.305436 0.310868 
0.270366 0.260863 
0.315646 0.289851 
0.276670 0.214283 
0.201279 0.237402 
0.234937 0.224565 
0.315084 0.340123 
0.385916 0.382562 
0.393007 0.341731 
0.268516 0.264263 
0.277867 0.290148 
0.298060 0.292770 
0.286812 0.315267 
0.365480 0.386253 
0.358579 0.378082 
0.348430 0.367961 
0.325358 0.359396 
0.421741 0.426728 
0.351793 0.344178 
0.350118 0.262687 
0.224065 0.225150 
0.214303 0.246916 
0.232974 0.238874 
0.251667 0.240980 
0.223249 0.237658 
0.232502 0.221456 
0.220119 0.257226 
0.256964 0.254029 
0.227117 0.256432 
0.242443 0.276703 
0.276914 0.285025 
0.304385 0.287026 
0.282113 0.307069 
0.276954 0.277131 
0.220522 0.258277 
0.262670 0.305957 
0.321781 0.323947 
0.306864 0.338953 
0.335028 0.383651 
0.366460 0.339139 
0.294842 0.302336 
0.288565 0.252813 
0.250726 0.265252 
0.184939 0.186295 
0.166795 0.201680 
0.213856 0.208783 
0.220835 0.219360 
0.251911 0.198875 
0.234591 0.213296 
0.233042 0.223624 
0.246765 0.242227 
0.191501 0.201228 
0.182647 0.192840 
0.255278 0.282819 
0.296697 0.302245 
0.310772 0.282542 
0.273142 0.282591 
0.291166 0.272674 
0.248532 0.256618 
0.229414 0.253635 
0.186130 0.213533 
0.187673 0.152843 
0.176923 0.171168 
0.184035 0.140155 
0.131527 0.160541 
0.206758 0.204345 
0.207320 0.201836 
0.183344 0.165199 
0.138624 0.127700 
0.145395 0.139252 
0.155007 0.173057 
0.147683 0.140612 
0.130186 0.144314 
0.143673 0.139871 
0.136938 0.154577 
0.176630 0.210192 
0.189040 0.142735 
0.166816 0.174670 
0.222359 0.221119 
0.203275 0.188240 
0.167394 0.169599 
0.207568 0.176548 
0.188709 0.197542 
0.171304 0.199756 
0.205138 0.195987 
0.185672 0.185959 
0.184794 0.140863 
0.134948 0.130345 
0.132102 0.154406 
0.116858 0.096635 
0.064440 0.140140 
0.122676 0.153579 
0.162531 0.207179 
0.222621 0.214684 
0.211217 0.203965 
0.219118 0.188141 
0.178844 0.163326 
0.126227 0.169072 
0.176654 0.179182 
0.150442 0.174470 
0.214200 0.156852 
0.166141 0.154544 
0.142047 0.237381 
0.248802 0.289399 
0.296438 0.316513 
0.264918 0.281391 
0.273993 0.209743 
0.185515 0.200944 
0.165920 0.195829 
0.179204 0.183742 
0.192687 0.195085 
0.211610 0.198465 
0.196718 0.149660 
0.142249 0.151589 
0.125344 0.157480 
0.186318 0.205645 
0.197785 0.137022 
0.129870 0.211991 
0.219704 0.234983 
0.235784 0.235177 
0.247940 0.260765 
0.314045 0.347566 
0.353834 0.297920 
0.262680 0.297251 
0.310163 0.246268 
0.251069 0.270130 
0.261626 0.225932 
0.221877 0.230092 
0.198565 0.181791 
0.222804 0.229544 
0.243680 0.251544 
0.237072 0.239124 
0.239085 0.342498 
0.322349 0.355184 
0.374259 0.325841 
0.264067 0.249561 
0.258570 0.257795 
0.249039 0.235329 
0.251939 0.253578 
0.243826 0.221086 
0.221088 0.224688 
0.197984 0.223402 
0.239855 0.237770 
0.237195 0.234884 
0.260916 0.273748 
0.273011 0.268687 
0.285511 0.306027 
0.293363 0.270515 
0.183302 0.156645 
0.122805 0.145395 
0.103321 0.089932 
0.050155 0.138866 
0.121021 0.118511 
0.119365 0.125654 
0.134680 0.135963 
0.131718 0.147920 
0.147052 0.151445 
0.158688 0.167600 
0.158922 0.182975 
0.218719 0.231147 
0.235313 0.233237 
0.221266 0.215778 
0.210533 0.177396 
0.229311 0.216658 
0.279929 0.319857 
0.322306 0.297487 
0.220515 0.215745 
0.222303 0.252528 
0.269958 0.284288 
0.287707 0.237964 
0.232289 0.225659 
0.234346 0.207593 
0.219317 0.226113 
0.289043 0.286997 
0.312557 0.294540 
0.279276 0.285081 
0.256463 0.256778 
0.309647 0.317862 
0.310740 0.328013 
0.327466 0.319471 
0.283013 0.262771 
0.295372 0.227398 
0.228707 0.306001 
0.268068 0.261641 
0.236982 0.000000 
