X Y 
0.186111 0.198280 
0.197744 0.173325 
0.206815 0.212727 
0.244809 0.252116 
0.247471 0.241456 
0.243895 0.267650 
0.246520 0.245033 
0.216198 0.206974 
0.213277 0.135825 
0.147097 0.160459 
0.145238 0.135618 
0.170406 0.155671 
0.177467 0.183519 
0.173907 0.171663 
0.197858 0.175418 
0.202398 0.213464 
0.199083 0.207944 
0.198210 0.226145 
0.199947 0.228067 
0.227312 0.244852 
0.255716 0.269889 
0.266931 0.289693 
0.257917 0.299304 
0.312262 0.290248 
0.284370 0.296702 
0.305692 0.296075 
0.294650 0.360721 
0.357999 0.368103 
0.359803 0.259617 
0.259111 0.269045 
0.250533 0.240545 
0.232545 0.247036 
0.248492 0.236134 
0.278649 0.267118 
0.271738 0.288732 
0.309500 0.343435 
0.342609 0.313085 
0.347264 0.363696 
0.349485 0.383670 
0.367876 0.374670 
0.346826 0.307128 
0.316052 0.272985 
0.274442 0.198872 
0.187111 0.180061 
0.204458 0.162259 
0.161665 0.184852 
0.172110 0.187992 
0.202922 0.188366 
0.153155 0.144168 
0.147145 0.193968 
0.204703 0.213774 
0.232192 0.259964 
0.247294 0.246347 
0.253653 0.257645 
0.238758 0.245142 
0.244142 0.260531 
0.264008 0.291389 
0.297588 0.225988 
0.201433 0.207282 
0.225212 0.239566 
0.224338 0.226785 
0.205863 0.208410 
0.205168 0.213913 
0.215793 0.201045 
0.206078 0.237648 
0.258183 0.263083 
0.245703 0.207211 
0.251007 0.259053 
0.263803 0.258719 
0.227588 0.206043 
0.199292 0.182995 
0.201037 0.190716 
0.188388 0.193250 
0.230908 0.242083 
0.249158 0.255839 
0.319787 0.341914 
0.332350 0.360470 
0.333512 0.315835 
0.330554 0.334602 
0.338207 0.366048 
0.352850 0.340651 
0.364242 0.373269 
0.376866 0.359799 
0.407986 0.367952 
0.372223 0.343507 
0.367233 0.321568 
0.330049 0.346613 
0.334098 0.274419 
0.287640 0.274663 
0.213289 0.224673 
0.206933 0.199260 
0.188126 0.179532 
0.181698 0.000008 
0.038789 0.030937 
0.000175 0.000288 
0.106023 0.163508 
0.136142 0.121530 
0.217409 0.214802 
0.212947 0.196363 
0.191616 0.187013 
0.181330 0.150028 
0.163197 0.191314 
0.196487 0.208428 
0.218213 0.220700 
0.196105 0.211686 
0.192445 0.159048 
0.167978 0.245236 
0.253725 0.250791 
0.274002 0.263705 
0.268385 0.253068 
0.250135 0.248265 
0.253290 0.187034 
0.198201 0.235120 
0.216922 0.209766 
0.210100 0.280706 
0.279742 0.286227 
0.283601 0.313783 
0.342971 0.371192 
0.393244 0.403089 
0.380506 0.389570 
0.437533 0.408183 
0.388945 0.401884 
0.365524 0.389366 
0.296566 0.290529 
0.310221 0.315246 
0.293761 0.322427 
0.316569 0.353528 
0.359184 0.374620 
0.423185 0.417761 
0.395040 0.391770 
0.395051 0.353424 
0.382525 0.351605 
0.377648 0.364619 
0.358699 0.330120 
0.334746 0.362496 
0.359350 0.386140 
0.410501 0.482551 
0.453241 0.404115 
0.395062 0.386408 
0.001675 0.082245 
0.073220 0.073127 
0.055342 0.078440 
0.137674 0.185577 
0.170390 0.176652 
0.167268 0.157020 
0.147096 0.152215 
0.140984 0.144336 
0.135556 0.140796 
0.178728 0.176270 
0.181039 0.208476 
0.197491 0.210689 
0.180554 0.146751 
0.167928 0.183990 
0.187223 0.264602 
0.286801 0.258300 
0.270160 0.272898 
0.277780 0.234968 
0.249593 0.241833 
0.201845 0.197091 
0.196802 0.187062 
0.147874 0.163028 
0.162592 0.170198 
0.156973 0.155239 
0.185958 0.162498 
0.159030 0.174823 
0.158381 0.171119 
0.151243 0.131359 
0.135725 0.141544 
0.112657 0.086361 
0.100150 0.111432 
0.096941 0.189084 
0.204649 0.216936 
0.224379 0.231523 
0.248298 0.218427 
0.184676 0.182657 
0.187424 0.177881 
0.101426 0.110891 
0.070009 0.085164 
0.094406 0.141796 
0.138721 0.159379 
0.173790 0.148483 
0.127892 0.100813 
0.133605 0.130161 
0.146945 0.130634 
0.173159 0.194181 
0.185588 0.002611 
0.185011 0.188745 
0.191566 0.190782 
0.201978 0.210434 
0.225424 0.268253 
0.273167 0.284743 
0.273219 0.273044 
0.246581 0.241464 
0.237838 0.241822 
0.238539 0.229285 
0.225227 0.245262 
0.256009 0.264587 
0.204954 0.239835 
0.242937 0.247559 
0.200500 0.244134 
0.264474 0.229599 
0.204930 0.225224 
0.230105 0.238975 
0.232698 0.266036 
0.273345 0.286923 
0.310376 0.305415 
0.333499 0.337440 
0.344168 0.316317 
0.330327 0.345453 
0.299676 0.266088 
0.281204 0.276266 
0.264288 0.258491 
0.253426 0.270948 
0.282675 0.288207 
0.285265 0.283423 
0.263823 0.281164 
0.297646 0.224783 
0.239933 0.229625 
0.239865 0.228728 
0.257013 0.259951 
0.284170 0.294849 
0.252032 0.242778 
0.225312 0.220669 
0.237539 0.245711 
0.194263 0.192881 
0.208906 0.174827 
0.181968 0.194322 
0.187066 0.203113 
0.214806 0.201016 
0.177504 0.179194 
0.186652 0.180949 
0.181457 0.202966 
0.001665 0.132773 
0.137932 0.219100 
0.223006 0.226846 
0.230247 0.247432 
0.216103 0.217278 
0.207673 0.207064 
0.213301 0.217879 
0.146911 0.137692 
0.193416 0.244514 
0.246026 0.252678 
0.268625 0.296702 
0.291103 0.332690 
0.371337 0.351181 
0.346236 0.328026 
0.286546 0.277032 
0.272962 0.250087 
0.254838 0.272951 
0.282964 0.269806 
0.249129 0.241236 
0.228330 0.204345 
0.187933 0.172720 
0.163641 0.150062 
0.152862 0.167233 
0.155561 0.123500 
0.078140 0.054977 
0.152197 0.182764 
0.230069 0.249371 
0.261160 0.249726 
0.278706 0.215303 
0.172463 0.163218 
0.164175 0.209103 
0.230958 0.254009 
0.281701 0.297829 
0.261338 0.295466 
0.313495 0.318181 
0.324756 0.269100 
0.294083 0.237085 
0.180037 0.161672 
0.162070 0.261456 
0.294727 0.295702 
0.292646 0.296526 
0.295184 0.288146 
0.266933 0.257700 
0.244278 0.235349 
0.173556 0.162903 
0.159607 0.161947 
0.163482 0.002339 
0.058153 0.126639 
0.154157 0.145647 
0.164545 0.176141 
0.181620 0.187608 
0.172361 0.158026 
0.093273 0.126937 
0.097334 0.127481 
0.122429 0.105762 
0.159831 0.152692 
0.207206 0.194710 
0.178401 0.176689 
0.246210 0.296421 
0.294728 0.279639 
0.321994 0.319367 
0.271975 0.303508 
0.269862 0.288155 
0.284434 0.251775 
0.268458 0.232827 
0.214403 0.236495 
0.228131 0.226914 
0.226937 0.217897 
0.228990 0.297718 
0.289639 0.291073 
0.265361 0.373707 
0.366517 0.411603 
0.404787 0.303981 
0.278460 0.253106 
0.261122 0.241034 
0.280983 0.275283 
0.226020 0.254951 
0.263086 0.262549 
0.228527 0.235020 
0.206655 0.222693 
0.222002 0.228494 
0.210561 0.181333 
0.173060 0.186880 
0.176646 0.193992 
0.175924 0.228366 
0.253383 0.245992 
0.253912 0.256439 
0.253569 0.243081 
0.223666 0.228793 
0.186102 0.174634 
0.192405 0.178966 
0.203324 0.184744 
0.202559 0.210224 
0.001514 0.182930 
0.149163 0.148508 
0.139912 0.140739 
0.153657 0.168744 
0.174791 0.178945 
0.183387 0.155413 
0.151273 0.148843 
0.181463 0.186150 
0.164567 0.131953 
0.135444 0.126396 
0.121164 0.137640 
0.155636 0.163830 
0.156085 0.187752 
0.181895 0.174934 
0.173124 0.204884 
0.145784 0.173179 
0.170366 0.220824 
0.231879 0.210491 
0.207897 0.175944 
0.201417 0.196049 
0.201752 0.154651 
0.266137 0.235877 
0.299445 0.297584 
0.290142 0.322140 
0.301468 0.309880 
0.301938 0.301516 
0.291564 0.238374 
0.236973 0.187334 
0.187505 0.184680 
0.206131 0.185008 
0.182377 0.181014 
0.156539 0.181459 
0.188175 0.234637 
0.226105 0.235798 
0.232833 0.184211 
0.210325 0.222283 
0.244570 0.255355 
0.306906 0.294051 
0.270330 0.262269 
0.256172 0.225603 
0.225123 0.230616 
0.233590 0.208196 
0.199524 0.164510 
0.127490 0.126960 
0.192853 0.226434 
0.244826 0.223381 
0.184025 0.001793 
0.005604 0.057356 
0.175635 0.166440 
0.188061 0.181885 
0.182078 0.179156 
0.223615 0.211050 
0.188195 0.185112 
0.205772 0.211431 
0.225940 0.188409 
0.176276 0.167721 
0.172752 0.170248 
0.170097 0.156152 
0.168277 0.162192 
0.181671 0.190476 
0.169087 0.198889 
0.165725 0.167238 
0.189737 0.184787 
0.199995 0.188578 
0.143527 0.135980 
0.139718 0.115187 
0.107129 0.148921 
0.163347 0.166037 
0.181342 0.205288 
0.206566 0.222660 
0.226071 0.267500 
0.254980 0.253316 
0.281959 0.237459 
0.273229 0.256137 
0.233144 0.189449 
0.198494 0.214870 
0.217095 0.230680 
0.230903 0.228622 
0.262168 0.243831 
0.237765 0.220910 
0.230193 0.231470 
0.209907 0.210585 
0.200946 0.215986 
0.202899 0.199148 
0.232169 0.199490 
0.176660 0.218259 
0.204297 0.211845 
0.218374 0.215522 
0.193427 0.193068 
0.202829 0.212572 
0.159070 0.205203 
0.204002 0.194266 
0.198787 0.213283 
0.232929 0.216016 
0.229385 0.236672 
0.225119 0.262320 
0.265027 0.289023 
0.269730 0.291631 
0.260349 0.252256 
0.250794 0.260875 
0.269343 0.301643 
0.298579 0.328639 
0.326311 0.347937 
0.368849 0.380483 
0.339179 0.400937 
0.438650 0.316591 
0.250075 0.252946 
0.244639 0.220863 
0.237110 0.219428 
0.235074 0.243071 
0.204322 0.242149 
0.230635 0.234874 
0.227657 0.222879 
0.207674 0.164097 
0.129575 0.133879 
0.141846 0.143994 
0.166696 0.121187 
0.123357 0.118952 
0.133944 0.208182 
0.195778 0.233841 
0.231225 0.240891 
0.193424 0.199180 
0.199944 0.168948 
0.179741 0.141616 
0.127912 0.167104 
0.142462 0.157212 
0.161000 0.175456 
0.142788 0.153429 
0.158672 0.184280 
0.184463 0.200861 
0.211031 0.195597 
0.270680 0.259909 
0.268343 0.282384 
0.252599 0.307522 
0.306665 0.309033 
0.288806 0.283034 
0.283251 0.249512 
0.259098 0.299972 
0.289594 0.260244 
0.262630 0.107291 
0.126807 0.185937 
0.195783 0.212115 
0.214977 0.190940 
0.182062 0.183133 
0.210690 0.198198 
0.201420 0.198127 
0.231373 0.231087 
0.263009 0.254954 
0.243914 0.230180 
0.240568 0.245566 
0.247253 0.245618 
0.270580 0.270525 
0.286040 0.305641 
0.267651 0.261049 
0.291376 0.285119 
0.283645 0.268482 
0.202725 0.190462 
0.254023 0.252145 
0.217193 0.248120 
0.282188 0.276697 
0.198517 0.191653 
0.174070 0.140908 
0.173858 0.173829 
0.190379 0.201275 
0.168608 0.156472 
0.188220 0.142104 
0.114284 0.119298 
0.118846 0.150802 
0.138494 0.096408 
0.144087 0.183513 
0.198336 0.170227 
0.180687 0.242307 
0.189264 0.143815 
0.156736 0.153845 
0.130880 0.000000 
0.266377 0.265460 
0.277942 0.266811 
0.339851 0.402945 
0.377481 0.368487 
0.371858 0.363425 
0.354940 0.398603 
0.395139 0.372740 
0.373948 0.320780 
0.346037 0.265193 
0.233325 0.246345 
0.265381 0.277578 
0.272304 0.274544 
0.289011 0.276984 
0.310536 0.302418 
0.340635 0.379497 
0.364994 0.343062 
0.327187 0.336290 
0.366895 0.382074 
0.332360 0.337355 
0.319672 0.338280 
0.336792 0.338152 
0.323629 0.276012 
0.305708 0.288357 
0.288815 0.286213 
0.277754 0.277473 
0.300877 0.302277 
0.249207 0.249727 
0.248056 0.225764 
0.220247 0.214191 
0.183177 0.175180 
0.177682 0.177944 
0.205423 0.206735 
0.186372 0.198393 
0.230337 0.237381 
0.236402 0.237889 
0.228617 0.210751 
0.183086 0.212101 
0.226886 0.249628 
0.248684 0.244456 
0.275699 0.295816 
0.293944 0.319959 
0.329232 0.332239 
0.378732 0.418848 
0.370766 0.373387 
0.396275 0.376136 
0.376789 0.402637 
0.387291 0.349247 
0.358656 0.311834 
0.343565 0.296394 
0.293078 0.296662 
0.292188 0.318547 
0.314605 0.322677 
0.332833 0.312707 
0.322581 0.360075 
0.389715 0.435689 
0.327987 0.345353 
0.372114 0.378479 
0.362610 0.411118 
0.412048 0.236945 
0.220878 0.219721 
0.225015 0.213679 
0.201810 0.210226 
0.219789 0.257913 
0.275994 0.272139 
0.281639 0.267236 
0.328808 0.347390 
0.322359 0.365435 
0.361825 0.395853 
0.416959 0.398751 
0.493660 0.347960 
0.402866 0.401678 
0.370694 0.342337 
0.340355 0.330027 
0.346347 0.293411 
0.272277 0.292802 
0.297922 0.251796 
0.251298 0.273590 
0.248701 0.236453 
0.243918 0.196195 
0.203195 0.223441 
0.262752 0.242117 
0.269446 0.266915 
0.253071 0.236906 
0.245086 0.235895 
0.247787 0.215887 
0.204134 0.208562 
0.171116 0.193747 
0.173313 0.184886 
0.213414 0.229504 
0.168176 0.175251 
0.172599 0.225402 
0.263491 0.220193 
0.217998 0.217837 
0.207207 0.169574 
0.113579 0.148123 
0.138763 0.149741 
0.197365 0.196830 
0.187414 0.205106 
0.199273 0.221839 
0.268421 0.305919 
0.299305 0.300138 
0.288672 0.270275 
0.260688 0.271905 
0.268980 0.251500 
0.224189 0.226089 
0.227594 0.213351 
0.228974 0.220143 
0.209082 0.200654 
0.198710 0.232553 
0.201453 0.199191 
0.200338 0.156329 
0.149956 0.138041 
0.145448 0.166271 
0.176266 0.179810 
0.197217 0.160552 
0.208701 0.202987 
0.201425 0.222393 
0.290555 0.266274 
0.206968 0.199109 
0.212533 0.184731 
0.140903 0.167215 
0.161058 0.185107 
0.174252 0.162029 
0.148413 0.108246 
0.118140 0.192459 
0.199401 0.198166 
0.193515 0.158159 
0.207501 0.185504 
0.179180 0.164664 
0.184098 0.218493 
0.164951 0.107101 
0.177444 0.183719 
0.180704 0.151594 
0.173273 0.186213 
0.215846 0.217151 
0.222689 0.209064 
0.250336 0.248841 
0.277449 0.234686 
0.193038 0.235408 
0.247682 0.243349 
0.226533 0.208307 
0.204470 0.176952 
0.171951 0.200803 
0.193297 0.180742 
0.168305 0.135044 
0.148905 0.160415 
0.117878 0.210473 
0.232116 0.228303 
0.212621 0.188575 
0.188412 0.239307 
0.163770 0.287459 
0.275683 0.304344 
0.288094 0.304851 
0.321021 0.372200 
0.344392 0.416878 
0.412561 0.388071 
0.361563 0.320249 
0.282476 0.272221 
0.270246 0.281089 
0.277029 0.260657 
0.246253 0.194215 
0.179800 0.164580 
0.166946 0.143492 
0.124930 0.099719 
0.105632 0.126503 
0.140113 0.168897 
0.162237 0.147378 
0.158369 0.116801 
0.113743 0.094878 
0.107672 0.108642 
0.167038 0.156123 
0.178026 0.188021 
0.183021 0.186129 
0.199937 0.209151 
0.180963 0.183126 
0.201751 0.196103 
0.170878 0.167276 
0.150531 0.191221 
0.209830 0.192459 
0.187399 0.217604 
0.192817 0.198292 
0.185249 0.162583 
0.125825 0.183104 
0.225629 0.231645 
0.256631 0.239965 
0.221006 0.226831 
0.200899 0.178983 
0.175843 0.167763 
0.220535 0.196108 
0.208510 0.245678 
0.242502 0.243621 
0.278585 0.272282 
0.274231 0.287043 
0.292748 0.305847 
0.286965 0.284775 
0.256893 0.275927 
0.277217 0.290696 
0.170453 0.174209 
0.149732 0.165839 
0.160481 0.187960 
0.184038 0.186952 
0.182422 0.207108 
0.224329 0.230280 
0.217082 0.177135 
0.188560 0.154741 
0.136449 0.165145 
0.118476 0.211654 
0.193015 0.205496 
0.206540 0.212006 
0.243128 0.242251 
0.229213 0.245640 
0.246892 0.243526 
0.245559 0.256855 
0.228026 0.168987 
0.141688 0.172184 
0.219320 0.233496 
0.259576 0.257806 
0.242568 0.249092 
0.240977 0.218333 
0.194086 0.196555 
0.192945 0.199045 
0.224056 0.205142 
0.203179 0.244130 
0.217759 0.192043 
0.157290 0.163233 
0.164436 0.170617 
0.100748 0.175533 
0.202701 0.222136 
0.212533 0.215558 
0.230986 0.247449 
0.232036 0.238646 
0.208380 0.223762 
0.222438 0.220161 
0.208812 0.234865 
0.222774 0.275156 
0.254394 0.293268 
0.333732 0.304887 
0.277837 0.275674 
0.246403 0.261735 
0.261229 0.265109 
0.263222 0.259034 
0.266898 0.273759 
0.220054 0.201950 
0.190258 0.148926 
0.155841 0.188729 
0.217437 0.256375 
0.350520 0.325957 
0.365238 0.322761 
0.326704 0.310821 
0.316448 0.324726 
0.346011 0.370239 
0.327280 0.333355 
0.347905 0.332454 
0.339571 0.313742 
0.289782 0.230065 
0.234546 0.230496 
0.241600 0.210274 
0.180655 0.205090 
0.168164 0.119463 
0.108413 0.163485 
0.151839 0.227272 
0.226169 0.177432 
0.192383 0.185560 
0.172758 0.150129 
0.196238 0.242018 
0.226003 0.228627 
0.252184 0.243179 
0.252069 0.259186 
0.271116 0.288888 
0.289231 0.349434 
0.382348 0.371792 
0.363444 0.371898 
0.389208 0.372751 
0.402025 0.368408 
0.370750 0.349127 
0.348815 0.337537 
0.298374 0.299351 
0.325182 0.326514 
0.297786 0.327131 
0.324900 0.296741 
0.254710 0.259778 
0.224459 0.233340 
0.233151 0.210774 
0.247222 0.248821 
0.203130 0.211180 
0.229231 0.232319 
0.225528 0.226963 
0.252750 0.243535 
0.271060 0.272323 
0.243729 0.259148 
0.324613 0.365206 
0.383997 0.362655 
0.334648 0.310317 
0.256002 0.229619 
0.223910 0.217026 
0.214012 0.204839 
0.288571 0.259813 
0.260522 0.236224 
0.239474 0.233544 
0.232716 0.214616 
0.208435 0.226966 
0.250117 0.267903 
0.251793 0.253483 
0.256293 0.250417 
0.251887 0.252087 
0.245879 0.256944 
0.258855 0.240269 
0.225083 0.219679 
0.239666 0.240041 
0.248700 0.234002 
0.239902 0.230849 
0.252377 0.302793 
0.307232 0.310788 
0.286960 0.303842 
0.276901 0.279759 
0.211935 0.217208 
0.207038 0.191919 
0.158491 0.167400 
0.209844 0.193118 
0.167059 0.160853 
0.114434 0.085958 
0.101768 0.083446 
0.104956 0.125702 
0.123705 0.146712 
0.153381 0.131916 
0.140797 0.128816 
0.103392 0.070885 
0.087262 0.127513 
0.204505 0.232859 
0.218060 0.237511 
0.244413 0.227930 
0.297554 0.275635 
0.270531 0.235845 
0.252945 0.266919 
0.327213 0.344302 
0.361169 0.342727 
0.375334 0.369254 
0.348456 0.412318 
0.371856 0.339092 
0.344250 0.289640 
0.274496 0.257658 
0.233573 0.234024 
0.271073 0.221665 
0.220709 0.219473 
0.199867 0.163333 
0.140305 0.121105 
0.122809 0.109848 
0.202796 0.177619 
0.202816 0.200087 
0.183964 0.183399 
0.173169 0.105009 
0.114272 0.109606 
0.110641 0.093414 
0.198918 0.185289 
0.173123 0.156327 
0.178694 0.221477 
0.226990 0.258992 
0.235018 0.274378 
0.293616 0.325570 
0.234007 0.214083 
0.228780 0.245479 
0.236774 0.201616 
0.192686 0.197795 
0.221228 0.261969 
0.314597 0.332611 
0.288654 0.300650 
0.318476 0.328086 
0.303458 0.316688 
0.326287 0.339217 
0.340273 0.363205 
0.367622 0.392012 
0.407204 0.386718 
0.384731 0.364633 
0.399341 0.337906 
0.313420 0.298121 
0.283006 0.318453 
0.278318 0.269611 
0.301351 0.288226 
0.265252 0.303698 
0.294668 0.283858 
0.247329 0.246325 
0.272472 0.258093 
0.206983 0.270696 
0.269705 0.281824 
0.274893 0.301204 
0.328185 0.264233 
0.249525 0.252976 
0.257722 0.258137 
0.273810 0.288197 
0.269282 0.274455 
0.293081 0.303314 
0.263337 0.255100 
0.268639 0.262077 
0.244150 0.237638 
0.233785 0.220136 
0.190068 0.189638 
0.193363 0.166355 
0.135054 0.121736 
0.195801 0.216235 
0.221603 0.214921 
0.260989 0.262050 
0.309448 0.320675 
0.315175 0.315816 
0.309296 0.330115 
0.320485 0.329077 
0.268664 0.307232 
0.303505 0.307579 
0.329699 0.370252 
0.332125 0.305878 
0.271001 0.280997 
0.282764 0.300312 
0.318079 0.324060 
0.306721 0.312562 
0.372081 0.365956 
0.262226 0.259564 
0.274154 0.236320 
0.224770 0.279404 
0.281964 0.282449 
0.294874 0.252983 
0.269154 0.266062 
0.284085 0.265082 
0.292272 0.307667 
0.308530 0.220390 
0.269010 0.268604 
0.242702 0.244634 
0.309971 0.308355 
0.282531 0.276024 
0.223538 0.215766 
0.206449 0.150865 
0.158924 0.082569 
0.140670 0.128142 
0.135223 0.138074 
0.182550 0.188901 
0.212316 0.206996 
0.194287 0.191828 
0.188215 0.226058 
0.236266 0.219843 
0.199676 0.183173 
0.154632 0.137975 
0.138260 0.168228 
0.153293 0.120589 
0.129151 0.101522 
0.085727 0.180540 
0.238126 0.243762 
0.235384 0.205886 
0.230209 0.239557 
0.214751 0.213868 
0.182855 0.170066 
0.217257 0.218205 
0.222098 0.231482 
0.203182 0.204150 
0.176187 0.174295 
0.214686 0.209576 
0.198189 0.148797 
0.227857 0.226282 
0.226843 0.233989 
0.202183 0.218054 
0.213809 0.227297 
0.219499 0.222530 
0.217143 0.229964 
0.278610 0.255733 
0.248729 0.254874 
0.277830 0.277699 
0.301747 0.276048 
0.278893 0.309627 
0.343852 0.300984 
0.278129 0.282827 
0.276274 0.271759 
0.293511 0.301208 
0.305535 0.327011 
0.350791 0.350872 
0.360295 0.302199 
0.294956 0.330983 
0.337322 0.330512 
0.248440 0.246888 
0.223027 0.224475 
0.235080 0.242805 
0.244249 0.237907 
0.231359 0.230697 
0.236012 0.200769 
0.148285 0.186158 
0.141142 0.169559 
0.153003 0.223956 
0.283644 0.221589 
0.296739 0.285296 
0.329317 0.290446 
0.281616 0.273090 
0.299082 0.287243 
0.294649 0.283341 
0.300504 0.314102 
0.278278 0.297563 
0.269663 0.265923 
0.262062 0.292600 
0.324900 0.311758 
0.286658 0.252758 
0.238823 0.232267 
0.226849 0.230374 
0.260597 0.267312 
0.213409 0.206003 
0.152401 0.000000 
