1.165094e+00 1.334037e+00 2.969642e+00 2.734946e+01 
9.586323e-01 1.426199e+00 2.333835e+00 2.849190e+01 
2.811501e+00 6.477435e-01 2.050358e+01 7.744316e+00 
1.072371e+00 1.167566e+00 3.066223e+00 3.106488e+01 
1.084698e+00 1.186153e+00 2.570588e+00 3.028330e+01 
1.061646e+00 1.337752e+00 2.831618e+00 2.703444e+01 
9.807726e-01 1.308715e+00 2.615401e+00 2.797376e+01 
2.902917e+00 7.207681e-01 2.299317e+01 7.707869e+00 
3.120111e+00 4.351000e+00 2.290986e+01 8.076413e+00 
1.170698e+00 1.550746e+00 3.006817e+00 2.908350e+01 
9.488529e-01 1.597076e+00 2.290563e+00 2.989412e+01 
2.791564e+00 8.409974e-01 2.091311e+01 8.088498e+00 
2.733083e+00 8.020049e-01 2.215649e+01 8.188774e+00 
1.015814e+00 1.517928e+00 3.187741e+00 2.933045e+01 
1.038923e+00 1.534148e+00 2.509571e+00 2.860843e+01 
2.920330e+00 7.818391e-01 2.040125e+01 7.959138e+00 
2.853913e+00 8.166226e-01 1.968242e+01 7.673481e+00 
1.068746e+00 1.540003e+00 2.788033e+00 2.731464e+01 
1.031350e+00 1.564591e+00 2.605234e+00 2.955873e+01 
2.957693e+00 8.131540e-01 2.292013e+01 8.074483e+00 
3.048770e+00 7.406571e-01 2.263528e+01 8.351667e+00 
1.181559e+00 1.392445e+00 3.050306e+00 2.999785e+01 
9.801285e-01 1.426172e+00 2.305874e+00 2.941999e+01 
2.899041e+00 7.835187e-01 1.998938e+01 8.115189e+00 
2.775580e+00 8.089301e-01 2.113497e+01 7.967811e+00 
1.042530e+00 1.582890e+00 2.961367e+00 2.886747e+01 
1.011776e+00 1.595353e+00 2.349238e+00 2.947312e+01 
2.962080e+00 8.517214e-01 2.004941e+01 7.970655e+00 
2.575927e+00 7.602162e-01 1.949282e+01 8.255981e+00 
9.580591e-01 1.471699e+00 2.755491e+00 2.951889e+01 
9.682480e-01 1.486742e+00 2.576177e+00 3.073461e+01 
2.792130e+00 7.564200e-01 2.260891e+01 8.471654e+00 
2.795675e+00 8.796408e-01 2.217440e+01 7.811103e+00 
1.053426e+00 1.348308e+00 2.983195e+00 2.822869e+01 
8.141436e-01 1.374327e+00 2.384700e+00 2.710767e+01 
2.452788e+00 7.146998e-01 2.046450e+01 7.474653e+00 
2.748541e+00 6.241540e-01 2.141768e+01 8.157817e+00 
1.044510e+00 1.191324e+00 3.100951e+00 2.882501e+01 
1.018720e+00 1.194315e+00 2.569899e+00 3.033444e+01 
2.924428e+00 6.666742e-01 2.110940e+01 8.345587e+00 
2.921157e+00 6.282026e-01 2.026675e+01 8.046404e+00 
1.085677e+00 1.191239e+00 2.739084e+00 2.931685e+01 
1.011780e+00 1.238858e+00 2.451010e+00 2.947761e+01 
